1000
678839 0.399452 1436 1994 3432 84.4482 211.41
925687 0.255714 401 747 1148 8.75887 34.2526
1736140 0.422333 5805 6114 11928 267.771 634.028
2325417 0.358827 1105 1570 2676 68.6697 191.373
16586790 0.295757 432 639 1072 9.12787 30.8627
17245145 0.401995 1687 1717 3408 43.9141 109.24
17479666 0.38126 1564 1661 3226 31.9355 83.7631
18271887 0.168594 194 547 742 3.4047 20.1947
27338343 0.389872 2007 2072 4088 44.9337 115.253
28259434 0.352893 771 1157 1932 45.2696 128.282
33260002 0.285467 327 540 868 7.74833 27.1426
38356368 0.421427 10709 10413 21126 294.155 697.998
38956557 0.402006 1845 1741 3586 54.0283 134.397
39146784 0.392893 4405 4656 9064 104.643 266.34
41445232 0.215916 182 440 622 4.40505 20.4017
45058337 0.298658 437 677 1114 12.16 40.7155
45562055 0.269374 264 454 718 5.84839 21.7111
49098275 0.476134 22257 22711 44988 1011.2 2123.77
49226138 0.376922 937 1079 2016 31.2762 82.9779
49584812 0.346891 6524 7170 13698 116.989 337.251
50571055 0.422255 3792 3699 7496 130.76 309.671
52348327 0.378652 1895 1785 3684 34.2898 90.5575
55411417 0.327559 604 905 1514 13.293 40.5821
56433115 0.326984 850 1189 2040 21.47 65.6609
57339453 0.352286 1004 1300 2304 30.582 86.8102
64414648 0.317462 526 805 1336 11.976 37.7242
64964344 0.288859 424 600 1024 8.58579 29.7231
65119998 0.462525 9913 9463 19396 303.765 656.753
66869476 0.350592 765 1306 2072 32.2279 91.9244
67113299 0.438528 5180 5051 10234 196.362 447.777
67378337 0.371747 852 983 1836 23.102 62.1444
67989820 0.347768 490 846 1336 25.4639 73.2209
69222568 0.374177 876 1151 2030 36.8487 98.4794
70238105 0.23288 177 335 512 3.62378 15.5607
74765401 0.368192 1508 1598 3106 30.7277 83.4557
75163546 0.363871 4132 4563 8698 78.63 216.093
76604982 0.307061 405 681 1088 10.7039 34.8593
77417189 0.372694 1368 1856 3224 48.5788 130.345
77852896 0.471273 15767 14977 30760 664.784 1410.61
79133992 0.484937 62946 59989 122968 3271.27 6745.77
79442230 0.374857 10102 10872 21006 251.767 671.635
80291190 0.348636 1906 2141 4050 38.1677 109.477
80355502 0.352226 3893 4425 8320 71.1285 201.94
84507131 0.459019 36485 34268 70770 1429.15 3113.5
84936778 0.449439 17055 15344 32402 847.455 1885.58
88554447 0.368472 7639 8282 15924 144.691 392.679
92394300 0.336222 627 723 1350 12.5565 37.3458
93281236 0.322366 465 720 1188 16.1807 50.1935
93552700 0.268003 389 562 952 7.79833 29.0979
93614629 0.247815 286 512 798 7.47473 30.1625
96087644 0.289473 409 681 1090 10.4206 35.9985
97185763 0.243972 222 442 664 6.1407 25.1697
98661772 0.320452 376 599 976 14.365 44.8273
103927400 0.230204 187 373 560 3.3167 14.4076
105040741 0.371944 3404 3610 7016 66.0046 177.458
105607875 0.44259 5105 5228 10336 238.263 538.337
107985181 0.480373 66817 61878 128732 3304.8 6879.65
108485527 0.298568 461 986 1450 14.1671 47.4502
111278921 0.243703 216 352 568 4.84992 19.901
112688805 0.266638 318 542 860 6.67574 25.0367
113851067 0.415376 2046 2202 4248 71.8561 172.991
115502738 0.250891 163 352 516 6.14581 24.4959
116656243 0.264189 449 749 1198 10.5618 39.9781
117240469 0.294818 305 457 762 7.25216 24.5988
117280572 0.375397 5327 5610 10938 105.131 280.052
121073044 0.31189 530 836 1366 12.8021 41.0469
125019516 0.229737 238 448 686 6.22533 27.0976
131559956 0.288914 421 619 1040 9.34045 32.3295
141163232 0.331781 863 1007 1876 17.0792 51.4772
144453285 0.398355 8235 7666 15904 152.468 382.743
149586320 0.38972 3035 3470 6508 80.0232 205.335
151130378 0.343941 570 826 1396 17.2907 50.2724
152477534 0.290672 312 523 836 8.33073 28.6602
153033060 0.377184 981 1039 2022 23.4414 62.1483
153111727 0.321896 396 634 1030 28.4594 88.4119
153229785 0.275822 225 483 708 6.44999 23.3847
153809179 0.297686 474 696 1170 10.4553 35.122
157772253 0.318799 580 934 1514 23.858 74.837
164609721 0.393532 1324 1520 2846 34.1797 86.8536
166128622 0.347845 646 910 1556 33.5665 96.4986
166408380 0.299942 353 623 978 8.25406 27.5188
171256288 0.338502 773 998 1772 21.4812 63.4596
174586185 0.534298 334559 332550 667360 19043.8 35642.6
176156178 0.311263 478 646 1124 11.5006 36.9483
176789456 0.367889 1256 1457 2714 29.1097 79.1263
178485254 0.316605 400 614 1014 8.84165 27.9265
179030503 0.403721 2285 2630 4928 81.4228 201.681
180591257 0.33842 682 986 1672 25.0454 74.0067
182903380 0.413 1812 2104 3920 54.1707 131.164
182918331 0.270149 356 592 948 8.72995 32.3153
188166961 0.215751 272 640 912 6.43437 29.8231
188896149 0.310797 379 542 924 9.56079 30.7621
192014924 0.147797 68 231 300 2.60524 17.6271
193336125 0.417348 2872 3205 6082 88.4742 211.992
199003000 0.192585 136 300 436 3.30831 17.1784
201951810 0.401844 1982 2204 4186 87.146 216.865
205744599 0.493766 120318 115212 235588 6791.22 13753.9
206566158 0.400454 4577 4903 9482 137.219 342.66
208788091 0.315797 384 584 968 10.0215 31.7341
209240289 0.38279 6519 6148 12668 121.429 317.22
210481990 0.362658 715 985 1704 46.7926 129.027
211121120 0.339362 538 700 1238 10.242 30.1803
214049878 0.290568 552 931 1484 12.7844 43.9981
214392868 0.391762 3890 3990 7882 83.3337 212.715
216862946 0.312186 449 733 1182 14.9945 48.0308
218982317 0.395829 1686 1813 3500 65.5295 165.55
222312682 0.405762 1986 2242 4228 53.3952 131.592
223616430 0.301611 434 692 1128 20.1075 66.667
223970199 0.300152 546 802 1348 12.8914 42.9494
231862483 0.425398 16338 16289 32638 754.435 1773.48
234698332 0.401565 1511 1525 3036 39.5013 98.3685
234846782 0.435943 9985 10052 20042 337.701 774.645
235726359 0.340415 911 1111 2022 20.5283 60.3038
237679684 0.422716 2744 2697 5444 94.5335 223.633
239826645 0.306926 402 550 952 9.3376 30.4229
245131780 0.391833 1688 1920 3614 44.7767 114.275
247579608 0.326794 811 963 1774 18.6142 56.9599
248745873 0.314592 396 540 936 9.21959 29.3065
250513527 0.40379 7073 7362 14478 203.032 502.817
250717134 0.276298 223 407 630 5.86889 21.2412
251224936 0.27289 258 508 766 15.8101 57.9357
253977070 0.346974 1044 1246 2294 23.7391 68.4174
254189356 0.366533 809 1196 2006 31.2167 85.1677
254660710 0.417776 3059 2854 5916 65.3394 156.398
263711172 0.373656 930 1274 2204 40.3447 107.973
269097730 0.321624 550 749 1300 13.8065 42.9275
269367029 0.315006 938 1158 2096 25.3961 80.621
270857806 0.274949 516 893 1410 20.6058 74.944
272009019 0.327817 573 799 1372 13.2138 40.3084
272182783 0.200473 136 408 544 6.42261 32.0373
273784660 0.360872 893 947 1840 17.604 48.7819
279218331 0.380364 1066 1152 2218 24.3599 64.0435
283700827 0.182244 136 254 390 2.16631 11.8868
289476778 0.281573 365 641 1006 9.12192 32.3963
290542934 0.364036 10385 10756 21170 186.277 511.701
293548550 0.302971 476 646 1122 18.782 61.9929
295151292 0.27225 273 465 738 6.14459 22.5697
298819230 0.366477 828 1220 2056 27.5475 75.1685
299262105 0.241466 153 334 488 4.15599 17.2115
299842134 0.1582 106 262 368 1.78955 11.3119
301600166 0.218052 210 438 648 4.05893 18.6144
303125434 0.402225 1875 2017 3896 49.4266 122.883
303799107 0.240374 348 741 1090 7.89472 32.8435
305006824 0.294648 378 562 944 8.77808 29.7917
305235322 0.289055 331 481 812 7.49512 25.9297
312942309 0.243275 260 494 754 5.38297 22.1271
314723244 0.285952 258 426 684 10.5233 36.8011
315048025 0.434223 4427 3989 8418 107.435 247.419
315505885 0.308957 578 772 1350 13.4934 43.6739
316666455 0.340321 568 650 1218 11.8727 34.8869
317852034 0.370207 1772 1986 3760 46.9671 126.867
318414076 0.27467 209 411 620 7.72399 28.1209
322256225 0.340329 1296 1320 2616 44.7315 131.436
326075417 0.349307 763 1057 1822 27.7234 79.367
326446149 0.257269 235 417 652 4.96458 19.2972
326516781 0.242722 264 510 774 6.41878 26.445
327391630 0.240792 252 442 696 5.88443 24.4378
330027441 0.507535 301551 298028 599808 18022.1 35509.2
331375548 0.368611 757 1057 1814 33.7242 91.4899
332234361 0.213112 206 463 670 4.77925 22.426
333681501 0.384915 1266 1360 2626 43.3084 112.514
334547194 0.364024 749 1051 1802 38.4496 105.624
334939727 0.351816 912 1094 2006 19.2846 54.8145
335889221 0.319522 732 1025 1758 15.6848 49.0882
337238070 0.311953 423 821 1244 12.93 41.4484
337618762 0.216954 171 341 512 4.04709 18.6542
337921176 0.200101 145 351 496 3.30772 16.5303
338983033 0.393737 1467 1649 3116 51.0521 129.661
341168448 0.296838 311 581 892 9.92055 33.4207
342943105 0.222332 136 414 550 4.49306 20.2088
344360366 0.409034 2085 2105 4198 44.6205 109.087
356037783 0.286554 404 588 992 9.26987 32.3495
359576651 0.354761 921 985 1906 22.6679 63.8963
360311419 0.248764 262 534 796 15.5865 62.6557
362883989 0.28162 338 540 878 9.81187 34.8408
363854404 0.300107 314 489 804 7.03561 23.4437
363902761 0.473533 17026 14993 32022 682.55 1441.4
365268564 0.146265 132 480 612 3.0992 21.189
366286821 0.421761 12540 12159 24700 308.459 731.361
368602743 0.15917 85 214 300 1.52016 9.55059
370780507 0.371655 3751 4043 7796 77.8064 209.351
370959814 0.323528 520 736 1256 13.4009 41.4212
372060602 0.35623 748 844 1592 16.9434 47.563
373389435 0.468163 18093 16901 35012 832.729 1778.72
375060314 0.31326 567 871 1440 20.8961 66.7051
380653275 0.416141 2548 2334 4886 46.7724 112.396
382177944 0.363902 842 1251 2094 29.3489 80.6506
382610338 0.386514 1799 1987 3788 47.4526 122.771
382941591 0.368207 1234 1670 2904 51.9628 141.124
383016865 0.431328 3024 3175 6204 120.697 279.825
391178272 0.227138 230 482 712 5.84007 25.7115
391798607 0.34076 573 843 1416 15.0018 44.0246
391939440 0.428737 4398 4908 9310 194.977 454.77
393126893 0.329615 620 910 1530 14.63 44.3852
394598095 0.322151 409 632 1042 10.0443 31.1787
396917321 0.469445 25697 24091 49800 906.513 1931.03
402111747 0.451392 6576 6033 12614 241.98 536.076
403163415 0.356888 769 810 1582 16.8957 47.3418
406168413 0.311836 582 678 1260 15.8198 50.731
407907531 0.281766 306 469 776 5.94864 21.112
411130831 0.375657 1177 1426 2604 33.4203 88.9651
416277444 0.40238 4768 4498 9268 87.3106 216.986
420057625 0.231772 265 537 802 5.72383 24.696
421314379 0.366825 694 1034 1728 22.0201 60.0289
421629911 0.452589 13373 13588 26966 642.135 1418.8
426195780 0.268388 467 849 1316 10.8951 40.5948
427758601 0.442867 16247 15891 32162 750.838 1695.4
428462952 0.348641 667 1009 1676 34.8543 99.9719
428574565 0.380936 1276 1569 2846 57.9612 152.155
433928822 0.2973 397 587 986 9.15317 30.7876
434759778 0.44865 6563 6688 13256 567.964 1265.94
437091326 0.363021 750 918 1668 17.7714 48.9541
437852298 0.349837 2897 3493 6408 57.8356 165.322
439974362 0.289928 273 591 864 9.52019 32.8364
441334043 0.29611 253 497 750 11.4215 38.572
441651201 0.273234 254 410 664 5.26297 19.2618
442487269 0.411563 10631 10972 21608 446.496 1084.88
448213697 0.384038 1313 1821 3136 46.6225 121.401
449217504 0.354159 749 913 1662 17.8434 50.3826
449503456 0.373009 6730 7299 14032 135.156 362.339
453899817 0.374167 960 1283 2244 43.2711 115.647
453954637 0.356679 2070 2265 4338 36.1424 101.33
455911021 0.373868 2342 2545 4894 58.7401 157.115
459008975 0.264631 323 585 908 7.12204 26.9131
459082643 0.274184 335 539 874 7.06223 25.7573
459760710 0.246578 218 437 656 11.1618 45.267
460566703 0.481291 61693 57175 118928 2594.57 5390.85
467178144 0.266984 384 676 1060 8.98805 33.6651
468716479 0.268399 286 562 848 8.3868 31.2475
468896044 0.383955 1230 1648 2880 37.8139 98.4852
477265912 0.393477 3409 3542 6952 83.7014 212.723
477355872 0.184892 172 376 548 9.01767 48.7727
478418208 0.271045 197 401 600 6.11729 22.5693
480736189 0.40606 2079 2325 4406 63.0562 155.288
483970140 0.325285 450 692 1142 10.9523 33.6699
487993227 0.196162 103 325 428 2.71152 13.8229
488164212 0.315948 535 844 1380 23.8772 75.5732
489644400 0.409264 1998 2122 4120 51.9689 126.981
490135645 0.320973 444 634 1078 9.51992 29.6596
493636092 0.403102 3609 3992 7604 93.3047 231.467
497012342 0.334899 584 783 1368 12.9039 38.5306
499715933 0.384029 11378 10680 22062 210.158 547.244
501503947 0.413272 8726 8816 17546 200.534 485.236
503363053 0.313793 334 560 894 12.1387 38.6839
503761521 0.299817 476 739 1216 15.6933 52.343
504640880 0.332958 577 822 1402 17.7684 53.3652
505097654 0.304924 593 776 1374 12.2153 40.0602
506810975 0.419845 2694 2600 5302 62.9304 149.889
507589104 0.471208 45135 44154 89320 1951.19 4140.83
508894818 0.301877 451 714 1166 12.0887 40.0453
508909268 0.417311 6750 7030 13786 232.006 555.955
509192184 0.404059 1632 1692 3332 62.16 153.839
509444370 0.265347 394 580 974 7.35331 27.7121
511032121 0.460818 21672 19235 40928 786.26 1706.23
511420744 0.32063 390 596 986 10.0048 31.2036
512003588 0.304667 481 775 1256 10.23 33.5774
520971840 0.205123 259 647 908 6.33878 30.9023
522023219 0.221654 134 418 552 4.01006 18.0915
523321951 0.249498 187 365 552 6.49433 26.0296
525213163 0.437656 3672 3484 7162 91.9513 210.099
528098639 0.190122 142 373 516 3.54205 18.6304
532728975 0.282536 242 430 672 9.67088 34.2289
534993510 0.274535 350 541 892 7.54476 27.482
541886668 0.427586 7540 7751 15298 370.498 866.489
545171708 0.311546 447 613 1060 10.3328 33.1661
551071643 0.279959 470 865 1336 11.481 41.0095
553205426 0.153937 82 235 318 1.94535 12.6373
556105608 0.417229 4302 4395 8698 106.899 256.212
560998228 0.293731 288 570 858 11.3434 38.6185
561109283 0.321948 472 623 1096 10.9587 34.0386
562501205 0.368396 987 1091 2078 22.4005 60.8055
563298372 0.465135 15127 15417 30552 829.669 1783.72
565082707 0.354232 665 1037 1704 28.3595 80.059
565948112 0.448819 5648 5771 11426 296.365 660.321
566567817 0.40854 8022 8177 16200 314.845 770.659
567543832 0.369469 950 1048 1998 31.2775 84.6552
569519580 0.406184 4290 4644 8938 156.55 385.416
570954378 0.310667 455 594 1050 9.74749 31.376
573209459 0.347188 3066 3367 6434 56.5052 162.751
574867744 0.186264 130 418 548 3.71348 19.9366
576596587 0.358279 674 983 1658 21.2671 59.359
589937010 0.324125 580 715 1296 14.2909 44.0907
591034337 0.260118 434 770 1206 11.2167 43.1214
591812634 0.489361 68792 67188 136048 2984.15 6098.06
591980272 0.48851 98195 88431 186686 3911.96 8007.94
593387758 0.23029 303 644 948 9.21232 40.0032
597242589 0.276775 321 494 816 6.52722 23.5831
611380791 0.424013 3031 2883 5916 80.0889 188.883
612822799 0.246949 167 348 516 3.95861 16.0301
613552104 0.43481 4751 4038 8790 113.031 259.956
615979326 0.338121 817 1011 1828 18.0141 53.2769
616138283 0.173468 107 381 488 3.07583 17.7314
623344501 0.404152 2350 2675 5028 95.7548 236.928
625641613 0.273009 248 423 672 5.89722 21.6008
628654698 0.406865 1633 1830 3466 67.2335 165.248
630521782 0.330215 528 780 1308 13.6828 41.4359
630855530 0.256914 273 475 748 6.04186 23.5171
634752073 0.398204 8933 9673 18644 231.918 582.409
634820413 0.30708 323 552 876 10.1586 33.0812
635657378 0.379765 1588 1543 3134 28.7995 75.835
640510261 0.349321 508 840 1348 19.6358 56.2115
640895673 0.438932 4058 4803 8866 212.12 483.265
641096948 0.263007 207 389 596 7.57589 28.8049
641802141 0.206047 160 329 492 3.31877 16.1069
643930554 0.496812 247502 231752 479396 10215.9 20562.9
644311083 0.334698 525 842 1368 17.8228 53.2503
646288922 0.304201 479 723 1202 12.2246 40.1858
647377489 0.325384 601 887 1490 20.4886 62.9672
650754704 0.466655 18834 19194 38046 1236.29 2649.25
655781421 0.272385 250 424 674 7.22411 26.5217
661040295 0.298411 311 518 832 7.43093 24.9017
675169024 0.143681 83 276 360 1.26175 8.78164
678010714 0.305338 352 504 858 13.8363 45.3147
682244482 0.413434 2661 2758 5422 150.769 364.676
684017347 0.307643 355 641 996 10.7085 34.8082
685168046 0.458805 8410 7757 16176 410.849 895.477
686522818 0.351112 1843 2037 3880 34.8625 99.2915
687642417 0.312169 520 830 1350 18.1097 58.0124
687716319 0.362588 882 1491 2374 55.895 154.156
688298138 0.336936 985 1189 2174 19.761 58.649
689487490 0.366668 824 926 1752 17.8594 48.7072
692401306 0.206079 164 392 556 6.14537 29.8205
693543647 0.368363 1001 1211 2218 22.9965 62.4288
697787040 0.390492 1481 1767 3248 53.0739 135.915
698633129 0.288996 443 732 1176 12.2921 42.5339
699620497 0.270861 290 600 890 8.66671 31.9969
701155118 0.381077 1091 1529 2620 31.3841 82.3563
701232364 0.462851 10003 9450 19456 371.613 802.878
701475501 0.136293 75 228 304 1.55499 11.4092
709682580 0.209492 220 592 812 6.25441 29.8551
709795181 0.386955 3776 4219 7996 152.799 394.874
711316245 0.406841 2706 2951 5660 107.074 263.183
714277688 0.258571 292 510 802 5.85544 22.6454
718040622 0.389257 1408 1681 3090 43.4649 111.661
719244522 0.302952 314 541 856 7.82909 25.8427
724721311 0.304971 462 690 1152 10.7173 35.1419
726508252 0.291152 511 747 1258 11.0194 37.8476
728193284 0.398461 1729 1773 3504 41.455 104.038
736180050 0.38642 2234 2408 4650 48.1148 124.514
738062429 0.468463 18145 18060 36254 1257.62 2684.57
739541612 0.391779 2917 2785 5706 60.2994 153.912
744824536 0.356114 710 944 1654 29.3062 82.2943
745752429 0.381273 1246 1709 2958 38.4894 100.95
746357028 0.338213 698 957 1656 18.428 54.4865
746582672 0.45638 8965 9520 18490 389.658 853.802
747631725 0.442585 4308 4681 8990 137.581 310.858
754413259 0.363753 1682 1886 3570 35.4667 97.5021
754616811 0.278351 329 679 1012 9.0245 32.4213
754991894 0.175644 214 564 780 4.25027 24.1982
762658893 0.41937 5761 5703 11464 174.485 416.063
763614202 0.335836 563 758 1322 14.6665 43.6717
767642180 0.444988 5587 5211 10818 159.522 358.487
768306475 0.270032 265 447 712 6.68734 24.765
772639573 0.427199 3211 3010 6222 100.744 235.824
774132099 0.331963 441 727 1168 15.8992 47.8944
774767225 0.321616 541 767 1308 11.7464 36.5231
779928691 0.186058 146 402 548 4.23684 22.7717
780113541 0.169589 70 236 306 2.03873 12.0216
780934166 0.323861 702 866 1568 13.8966 42.9091
782970387 0.232323 235 452 688 4.1425 17.8308
783955828 0.386413 1432 1509 2942 36.9934 95.7352
787889848 0.465503 11374 10432 21812 461.765 991.971
789800908 0.314597 539 787 1326 11.8468 37.657
791110096 0.377376 1300 1529 2830 34.3468 91.0148
792062432 0.32291 613 889 1502 14.3055 44.3018
793014911 0.31678 388 568 960 13.46 42.49
794293677 0.418911 2348 2228 4580 61.5775 146.994
801015974 0.329783 665 805 1470 12.8467 38.9551
805472252 0.293475 301 436 738 6.77612 23.0892
806922744 0.26026 314 653 968 8.12912 31.2346
807551164 0.351832 642 800 1442 14.8351 42.1652
813258099 0.396051 6167 5966 12136 145.16 366.518
817343979 0.312211 536 790 1328 13.0132 41.6806
820613118 0.314656 676 1086 1762 19.8817 63.1855
821534722 0.419261 7065 6762 13830 200.859 479.078
821960533 0.318683 646 1061 1708 16.9542 53.2008
824437414 0.379496 1129 1297 2426 27.2601 71.8324
824729479 0.349151 1162 1414 2580 24.8157 71.0744
824876518 0.381663 1106 1264 2370 50.629 132.654
825015353 0.28509 386 722 1110 16.5248 57.9633
826832199 0.375387 3948 4211 8160 77.3606 206.082
827958983 0.479115 28818 25713 54544 1180.57 2464.07
828304114 0.39481 2027 2056 4084 42.0768 106.575
831548021 0.435766 4277 4378 8658 188.836 433.343
833097451 0.490917 91446 87829 179306 4070.12 8290.86
833590346 0.222418 152 322 476 3.80945 17.1274
833741872 0.526665 338081 335189 673522 31738.7 60263.6
834775780 0.274226 217 479 696 6.21372 22.6591
836651113 0.402692 1955 1881 3838 41.3296 102.633
837928957 0.446174 5696 4862 10558 126.013 282.431
838470073 0.320988 578 848 1426 12.7074 39.5885
843128118 0.220692 242 622 864 6.63593 30.0687
845386386 0.334692 853 1233 2086 35.9363 107.371
845678411 0.291172 308 539 848 8.06965 27.7143
847253960 0.315393 451 642 1096 9.32214 29.5572
847520627 0.429964 3118 2929 6050 134.926 313.807
848068209 0.251171 350 656 1006 8.23188 32.774
848181262 0.393388 4475 4148 8624 86.3241 219.437
854686140 0.390272 1216 1397 2614 34.1393 87.4758
857712122 0.415736 8374 8037 16412 210.466 506.248
862419200 0.414984 1994 2294 4296 64.2305 154.778
862823276 0.363151 1695 1989 3692 58.7849 161.874
863250401 0.342314 684 927 1614 16.2824 47.5655
863605641 0.378902 1107 1280 2388 31.9763 84.3921
864639455 0.324104 670 1096 1770 19.4218 59.9248
869523739 0.430121 2964 3040 6006 87.2545 202.86
869604877 0.410719 9730 8785 18520 189.87 462.287
869756224 0.418612 3518 3292 6814 88.6871 211.86
876089429 0.335069 554 739 1294 14.4372 43.0873
878173876 0.370342 1342 1683 3030 35.5523 95.9986
878508340 0.237233 159 337 496 5.86753 24.7332
880100693 0.353108 726 756 1482 15.3952 43.5991
881172170 0.448125 5416 5810 11228 189.12 422.026
881760118 0.322958 480 571 1052 10.9357 33.8611
881949778 0.313552 497 710 1208 12.0065 38.2917
886568456 0.313022 506 761 1270 11.1784 35.7111
888928182 0.32658 548 776 1326 12.6516 38.7397
888945824 0.331583 517 718 1240 13.028 39.2902
891434102 0.417748 11092 10959 22054 677.303 1621.32
892091106 0.399786 1844 1925 3770 73.7846 184.56
894286758 0.444117 10526 9960 20496 296.938 668.603
894318204 0.374028 913 1131 2048 30.2156 80.7843
896027392 0.306619 721 1023 1744 19.4814 63.5362
896719630 0.317625 630 1130 1760 26.9417 84.8222
897185746 0.287434 358 559 918 7.21832 25.113
898922719 0.310808 492 666 1158 10.3468 33.2901
903442213 0.29183 350 556 906 7.91371 27.1175
905167345 0.388962 1276 1442 2720 29.9854 77.0908
905775508 0.201466 117 311 428 2.97517 14.7676
905999322 0.367277 830 1067 1898 45.0917 122.773
909367931 0.407382 1501 1958 3460 65.4981 160.778
912213268 0.233111 211 409 620 4.1514 17.8087
913803003 0.346465 678 1069 1748 30.0465 86.723
913835591 0.38269 1302 1366 2668 30.832 80.5664
917050834 0.303862 327 527 854 9.41585 30.9873
917587620 0.321902 608 853 1462 14.8512 46.1359
917632551 0.224688 259 471 730 8.71807 38.8007
917714570 0.433825 14189 13899 28100 487.88 1124.6
917751196 0.40553 2357 2429 4790 60.2532 148.579
918435715 0.405111 2273 2420 4694 89.6451 221.286
921466606 0.28368 256 464 720 8.75569 30.8647
925760829 0.360408 3983 3961 7966 68.6668 190.525
928079047 0.248232 210 381 592 5.39662 21.7402
934121252 0.397939 2152 2189 4344 44.1211 110.874
935536138 0.230309 312 652 964 6.35047 27.5737
936930403 0.353072 1254 1388 2642 24.2657 68.7272
941794516 0.400413 1934 2080 4022 53.9798 134.81
944191380 0.192501 192 545 738 4.57387 23.7602
948348158 0.361248 843 976 1820 18.2638 50.5576
949664216 0.223359 253 622 876 6.01182 26.9155
950813153 0.373569 3774 3801 7576 78.4655 210.043
957988928 0.497677 245845 238293 484320 15957.5 32064
958558655 0.321222 488 607 1096 10.407 32.398
959446932 0.432971 3693 3278 6972 83.9593 193.914
961910337 0.406744 8020 7461 15484 190.175 467.554
963069510 0.244137 263 605 868 5.98804 24.5274
965484080 0.446911 14617 14484 29104 383.208 857.458
966420771 0.295321 743 1007 1750 15.6774 53.0862
966848178 0.436039 3602 3941 7546 206.578 473.76
968288931 0.292623 387 554 942 6.88868 23.5412
968294341 0.346656 667 789 1460 15.1257 43.6331
969492489 0.335182 842 958 1800 16.5644 49.4191
970825936 0.268167 361 583 944 7.72516 28.8073
977486292 0.390655 5770 5273 11044 118.995 304.605
977501007 0.402672 8220 7426 15650 152.541 378.823
979851983 0.335031 538 869 1408 16.8527 50.3018
981854724 0.264455 261 425 686 5.43379 20.5471
982377110 0.170287 64 245 310 2.17383 12.7657
982736789 0.49258 139331 130094 269548 6046.95 12276.1
990237948 0.437288 23235 23495 46748 1082.4 2475.25
991715419 0.239616 239 486 726 4.96024 20.7008
993724604 0.272796 505 814 1320 9.35865 34.3064
994382595 0.346808 630 992 1622 22.1001 63.7242
996853335 0.176732 110 386 496 2.98782 16.9059
1000804096 0.396738 1373 1718 3094 70.5963 177.942
1006002419 0.297079 411 566 978 11.3149 38.0872
1006916500 0.31 682 1020 1702 14.6499 47.2576
1011807883 0.290657 614 750 1368 13.973 48.0737
1012014859 0.193361 111 289 400 3.45386 17.8623
1013806387 0.420691 2146 2464 4610 90.3257 214.708
1014319290 0.385075 1124 1396 2520 32.1665 83.5331
1018861685 0.393648 1294 1778 3076 88.3235 224.372
1018978258 0.354723 6675 7621 14298 138.35 390.022
1019721099 0.332161 476 693 1170 14.0626 42.3368
1021498005 0.445186 4991 4446 9440 195.461 439.054
1023713870 0.258538 312 567 880 7.95609 30.7734
1027446933 0.376593 973 1501 2478 62.1661 165.075
1029493966 0.2963 508 722 1234 17.8765 60.3325
1031333322 0.320176 547 884 1434 15.117 47.2148
1031981356 0.291514 310 513 824 7.90274 27.1093
1035406145 0.288493 358 586 948 7.56531 26.2236
1039594736 0.346118 703 1051 1754 33.3295 96.2954
1043421792 0.300295 332 531 864 8.27011 27.5399
1043643751 0.201247 149 343 492 3.54259 17.6032
1048192817 0.434931 3099 3716 6820 152.237 350.027
1050673206 0.314608 695 1023 1722 15.5081 49.2933
1052429243 0.436047 12357 11260 23620 318.639 730.744
1052909005 0.356607 776 1161 1938 29.8465 83.6958
1053383312 0.388846 8295 7876 16172 152.808 392.979
1054894698 0.369255 970 1243 2214 25.4194 68.8397
1063100013 0.428611 8897 7953 16856 188.855 440.621
1064055459 0.340612 1076 1308 2386 23.0351 67.6284
1070997307 0.363911 951 1332 2284 25.9351 71.2678
1072747915 0.403228 2424 2633 5060 70.6128 175.119
1073100206 0.182253 160 396 556 3.71461 20.3816
1073787620 0.139739 47 253 300 2.15208 15.4007
1074259300 0.246295 314 720 1034 7.73566 31.4082
1075272879 0.465876 13406 12374 25788 482.774 1036.27
1078094216 0.468036 19594 19339 38944 851.898 1820.15
1078604848 0.313496 503 914 1418 17.6603 56.3335
1080680987 0.338289 644 853 1498 15.7891 46.6735
1084041437 0.288133 493 912 1408 12.6301 43.8341
1086641901 0.295145 539 977 1516 14.0449 47.5863
1090272396 0.341015 811 939 1750 16.652 48.8306
1091995941 0.372811 1462 1584 3048 34.091 91.4429
1094066116 0.454954 7091 6204 13296 187.569 412.282
1096788824 0.456012 7584 7335 14922 334.82 734.234
1098587212 0.331006 708 985 1694 17.6121 53.2077
1101006339 0.462333 19190 18470 37672 1052.34 2276.16
1101074442 0.385513 1379 1788 3168 47.8901 124.224
1102306911 0.244949 444 829 1274 10.9273 44.6107
1104029791 0.439231 4664 5136 9806 226.485 515.638
1106244301 0.299968 296 481 778 10.3643 34.5515
1107547661 0.336104 616 843 1460 16.3599 48.6752
1108030629 0.356404 760 962 1722 23.7184 66.5493
1108388613 0.327903 746 956 1702 17.2697 52.667
1108775183 0.288049 386 657 1044 9.48609 32.9322
1111854931 0.479734 51775 47873 99674 2138.04 4456.71
1112766158 0.293287 271 487 758 9.12803 31.1232
1113254779 0.291171 283 500 784 8.70203 29.8864
1120267842 0.200372 220 578 798 5.02099 25.0583
1125974083 0.403188 1628 1605 3238 34.1342 84.6608
1126696735 0.315497 807 962 1772 16.2898 51.6323
1127546658 0.226854 142 342 484 4.25552 18.7588
1137497466 0.369623 1167 1346 2520 30.5305 82.5991
1139877976 0.266337 244 366 610 4.55003 17.0837
1142636942 0.461674 15010 15416 30524 511.267 1107.42
1142868193 0.312715 379 637 1016 11.9796 38.3085
1143880444 0.360016 992 1113 2112 20.489 56.9113
1144303804 0.381991 1326 1361 2688 24.1754 63.288
1145027816 0.269986 425 837 1262 10.7735 39.9039
1147592999 0.423055 2286 2672 4958 80.8418 191.09
1148411493 0.483467 35832 34991 70866 1662.51 3438.72
1150313188 0.400214 6528 6209 12738 136.066 339.983
1151983526 0.383568 3180 3534 6714 101.975 265.859
1158573773 0.331115 507 667 1174 10.6552 32.1797
1158822477 0.377104 8950 9336 18290 174.204 461.95
1158862631 0.350885 735 889 1624 16.9358 48.2658
1160497683 0.402373 6454 6873 13332 178.764 444.275
1160811642 0.313841 377 635 1012 14.7575 47.0221
1161828126 0.302622 537 808 1346 13.0491 43.1203
1163138908 0.290914 337 497 834 6.1107 21.0052
1165971442 0.378033 1214 1481 2700 41.4835 109.735
1166469086 0.332357 661 745 1406 12.8512 38.6668
1167168624 0.348063 954 1069 2026 21.3966 61.4736
1172365196 0.261722 233 392 628 4.97547 19.0105
1172642367 0.377685 877 1214 2094 47.5282 125.841
1173533645 0.357932 6857 7417 14276 124.951 349.09
1175774916 0.289499 451 724 1176 9.4603 32.6782
1176065432 0.373708 12616 12891 25518 236.393 632.562
1176793724 0.446986 12469 10782 23256 456.766 1021.88
1178800916 0.256789 322 510 832 5.70958 22.2345
1185008929 0.351704 645 794 1440 14.9912 42.6244
1187749579 0.27096 320 456 776 8.21907 30.3331
1189659298 0.300277 347 586 934 9.72728 32.3944
1189789137 0.30561 542 693 1236 10.5051 34.3741
1191116042 0.360912 6887 7615 14506 147.965 409.975
1195492629 0.153683 91 213 304 2.34296 15.2455
1205158736 0.286562 285 457 742 6.31433 22.0348
1205622798 0.378978 1386 1278 2664 34.0459 89.8359
1209153385 0.362201 894 1330 2226 35.8354 98.9379
1209699613 0.418447 2163 2214 4378 70.444 168.346
1212807952 0.331996 498 878 1378 19.4712 58.649
1213454252 0.34721 611 896 1508 17.7965 51.2558
1213652733 0.344467 879 1036 1916 24.4819 71.0718
1216945588 0.436454 5702 4711 10414 127.11 291.234
1217198513 0.388038 1043 1390 2434 48.5789 125.191
1217899922 0.202064 294 590 884 4.8302 23.9043
1219587269 0.366685 829 945 1774 18.7164 51.0422
1219593196 0.434621 3361 3714 7080 119.348 274.603
1226361211 0.347881 744 1114 1858 23.2481 66.8278
1230220324 0.345874 865 1018 1886 18.1845 52.5754
1231283449 0.350653 660 992 1652 16.0235 45.6961
1231564025 0.311789 421 599 1024 11.4162 36.6151
1233744746 0.445374 5020 4981 10022 271.026 608.537
1234415376 0.405541 1745 1914 3662 62.1947 153.362
1235097829 0.351673 2781 3388 6172 63.2144 179.753
1236750151 0.255479 270 534 804 6.32472 24.7564
1246973061 0.235459 216 389 606 4.03412 17.133
1247386175 0.266968 352 722 1076 11.3682 42.5825
1249686585 0.417555 3074 3155 6230 88.0593 210.893
1250730359 0.388685 1273 1276 2550 32.1746 82.778
1257738259 0.398294 6422 7004 13462 229.795 576.948
1264422402 0.245056 228 403 632 5.07337 20.7029
1267204010 0.317153 489 771 1260 12.6775 39.9728
1269979079 0.421839 3519 3399 6918 117.07 277.523
1272887194 0.470488 22757 20302 43062 1005.79 2137.77
1280995767 0.311983 375 627 1006 13.1171 42.0441
1288074526 0.284463 271 485 756 11.7452 41.289
1289433342 0.307377 463 728 1192 12.3974 40.3328
1292067093 0.257984 398 739 1142 8.49571 32.9311
1292908373 0.268221 297 474 772 9.25633 34.5101
1296481933 0.296995 496 688 1184 16.3533 55.0625
1305555280 0.304572 539 815 1354 16.0658 52.7488
1311538641 0.402425 7388 8143 15534 281.967 700.67
1313081885 0.400934 7679 6857 14540 129.68 323.445
1316801506 0.152594 61 211 272 1.85892 12.1821
1319191945 0.455781 10362 10724 21090 548.784 1204.05
1320186548 0.397844 1634 1898 3532 45.9125 115.403
1325223369 0.409793 2967 2870 5840 67.1417 163.843
1326488658 0.323524 413 599 1012 13.1575 40.6692
1327682826 0.275674 304 512 816 9.56004 34.6788
1331989139 0.366895 927 1233 2164 24.3107 66.2608
1333476419 0.384608 1573 1899 3472 48.6305 126.442
1335407717 0.389121 1657 1711 3368 35.9245 92.3221
1335753805 0.27673 301 494 796 8.79299 31.7746
1337190868 0.361616 782 962 1744 17.5563 48.5495
1337998072 0.330569 506 638 1144 10.583 32.0146
1338382040 0.197465 115 261 376 2.66052 13.4733
1339768224 0.377829 1211 1559 2770 53.4973 141.592
1341718617 0.412169 5268 5189 10460 122.659 297.594
1343062534 0.420288 7814 8116 15936 201.84 480.242
1344312377 0.185785 153 399 552 3.68735 19.8474
1345366381 0.402349 3604 3745 7350 80.9622 201.224
1345555938 0.320372 408 589 998 9.16979 28.6223
1346246750 0.36104 742 1297 2040 26.8812 74.455
1350541224 0.289499 456 703 1160 11.8936 41.0836
1350886852 0.475121 27473 26230 53718 1750.19 3683.68
1352449663 0.263955 269 429 698 7.62992 28.9062
1355260688 0.312996 443 553 996 8.88514 28.3874
1356617975 0.310101 468 729 1198 13.4086 43.2394
1356814425 0.217682 138 277 416 4.10716 18.8677
1358120719 0.30159 337 628 966 9.44675 31.3231
1363755593 0.267579 262 450 712 6.10113 22.8012
1364117917 0.332721 590 738 1328 12.0223 36.1334
1368473517 0.326864 510 687 1198 11.9038 36.4181
1370708160 0.329402 548 734 1282 12.8725 39.0784
1375957638 0.276536 325 453 778 14.8045 53.5355
1377456440 0.312502 332 568 900 9.66436 30.9258
1377657397 0.401692 5984 6074 12060 227.642 566.707
1379162559 0.36777 921 997 1918 21.295 57.9029
1380110412 0.304963 401 473 874 11.8569 38.8798
1383293768 0.295562 322 493 816 8.10723 27.4299
1383480324 0.206713 145 313 460 3.874 18.741
1385912764 0.346307 708 914 1622 29.9401 86.4553
1388339852 0.549267 356687 352851 709804 23035.4 41938.4
1389202227 0.452391 7010 6434 13450 295.279 652.706
1393089897 0.463824 14796 13752 28554 728.721 1571.11
1396574522 0.333977 593 818 1412 14.7133 44.0548
1398485090 0.312505 2923 3325 6248 51.6802 165.374
1399171507 0.315583 512 735 1248 11.4995 36.439
1400739842 0.295526 329 539 868 6.80924 23.0411
1402901806 0.297354 372 612 984 8.66601 29.1438
1403132634 0.343869 678 832 1510 15.4786 45.0131
1407686209 0.341283 753 920 1674 16.4622 48.236
1411013296 0.289124 488 893 1382 20.4561 70.752
1416493626 0.356523 706 1045 1756 57.9117 162.435
1416545719 0.421769 2484 2716 5200 106.84 253.314
1416557168 0.274343 430 699 1130 9.51544 34.6845
1416770209 0.308621 387 523 910 8.71241 28.2301
1417116548 0.317908 631 844 1476 20.9017 65.7476
1419575317 0.362136 843 1036 1880 18.8647 52.093
1424434444 0.450043 6407 5842 12252 236.615 525.761
1426434986 0.316085 482 672 1154 12.1336 38.3871
1431206079 0.286074 375 693 1072 10.0536 35.1433
1432811742 0.138382 138 538 676 3.74659 27.0743
1433067074 0.359423 760 1101 1862 27.6567 76.9474
1433419173 0.384349 1216 1442 2658 42.6533 110.975
1433848327 0.184221 210 526 736 6.18714 33.5854
1435613197 0.364357 1093 1277 2370 23.6805 64.9928
1438775373 0.324381 499 789 1288 17.772 54.7874
1441895222 0.309513 332 548 880 7.91126 25.5604
1444084262 0.388671 1177 1382 2560 32.9186 84.6954
1446032414 0.219972 193 307 500 3.14487 14.2967
1452859504 0.326499 874 1101 1976 18.0684 55.3398
1455738963 0.425164 2860 2675 5536 68.3047 160.655
1460605123 0.488818 70705 65777 136522 4339.2 8876.94
1467863226 0.320146 469 701 1170 15.0243 46.9296
1471105429 0.370744 1316 1774 3094 55.2693 149.077
1473116207 0.260977 303 453 756 5.12824 19.6501
1473933602 0.202842 123 240 364 2.19109 10.802
1475751845 0.311184 389 508 898 8.27053 26.5776
1479949345 0.285072 339 536 876 8.17795 28.6873
1483309602 0.235088 230 422 652 4.87526 20.738
1483663852 0.454804 15839 14463 30310 541.792 1191.26
1485063173 0.294152 583 996 1580 13.7138 46.6213
1486399850 0.419869 15778 15747 31526 657.624 1566.26
1492129710 0.363994 1105 1320 2426 35.6134 97.8408
1494534759 0.350928 1941 2344 4286 42.6306 121.48
1496713589 0.311643 381 563 944 8.26474 26.5199
1497054518 0.253471 265 541 806 6.84749 27.0149
1502181854 0.24743 162 345 508 3.97207 16.0533
1505188764 0.42213 2419 2622 5042 86.9796 206.05
1515734282 0.390611 1601 1715 3318 47.5328 121.688
1521945832 0.392336 1484 1796 3282 88.9226 226.649
1522415104 0.315941 512 622 1134 10.2114 32.3204
1523237903 0.519846 305578 304563 610354 14426.7 27751.9
1525380727 0.34833 793 1008 1802 18.6643 53.5821
1529719873 0.294054 270 484 754 9.85163 33.5028
1531645168 0.338659 591 732 1324 14.2284 42.014
1533295583 0.337995 549 1236 1786 33.3258 98.5986
1539678322 0.227067 194 481 676 7.53213 33.1714
1541664374 0.252541 231 437 668 4.86712 19.2726
1547585333 0.338542 812 1149 1964 20.1835 59.6188
1548195046 0.285391 281 581 862 8.34177 29.2293
1548571639 0.416049 3419 3138 6560 71.0626 170.803
1548947865 0.419685 12683 13003 25714 485.224 1156.16
1550076394 0.328114 560 813 1374 13.1865 40.1889
1554815656 0.390913 5339 5757 11106 192.593 492.676
1558968378 0.343105 624 784 1408 13.8999 40.5121
1559647266 0.228693 245 567 812 5.96536 26.0846
1560877571 0.402918 1652 1604 3256 34.1606 84.7832
1562151747 0.180516 133 303 436 2.61302 14.4753
1564419972 0.326296 526 761 1288 11.6427 35.6815
1565764060 0.327659 463 625 1088 12.2751 37.4632
1571514457 0.3424 733 960 1696 19.9649 58.3086
1571997785 0.250429 189 373 562 4.14721 16.5604
1572416046 0.233968 194 358 552 3.87242 16.551
1574359949 0.375318 1772 1750 3524 34.8192 92.7725
1578980118 0.340273 1756 1995 3754 40.3441 118.564
1579030181 0.420581 2767 2685 5454 102.979 244.85
1580819202 0.304235 339 501 840 8.8324 29.0315
1580825479 0.375605 6214 6113 12336 107.443 286.054
1582703902 0.352408 743 983 1726 20.0818 56.9846
1585408260 0.316359 434 724 1158 11.4523 36.2002
1586214108 0.276616 285 469 754 5.8707 21.2233
1588381307 0.207511 230 549 780 8.67336 41.7971
1588646284 0.317782 566 760 1326 12.1978 38.3841
1589848472 0.283095 302 460 762 6.40505 22.6251
1590635366 0.379803 5222 5437 10670 103.195 271.706
1593945374 0.434074 10385 8744 19138 276.421 636.806
1594217862 0.306001 432 609 1042 10.6426 34.7796
1595884811 0.47087 15364 15957 31336 929.425 1973.85
1596075962 0.358924 708 938 1646 30.274 84.3466
1598564499 0.252635 368 568 936 7.59091 30.047
1600768797 0.369545 3766 3951 7718 71.7053 194.037
1602637078 0.46089 12339 11068 23416 407.913 885.054
1605241464 0.375364 1102 1412 2514 46.6964 124.403
1607157612 0.257605 280 490 770 6.81313 26.448
1607593646 0.660211 363306 360555 724132 30219.9 45773
1607786946 0.251469 352 538 890 12.3204 48.9938
1611250285 0.404354 1530 1674 3206 53.3296 131.888
1611450256 0.362614 2275 2597 4876 60.4008 166.571
1611795076 0.535709 293438 291714 585376 13581 25351.5
1612481186 0.346126 830 1231 2062 21.139 61.073
1614027893 0.192189 142 410 552 4.45551 23.183
1615437871 0.277659 462 684 1146 9.74841 35.1093
1616574274 0.37384 4118 4381 8500 87.0089 232.743
1617954014 0.35105 931 1109 2040 24.5624 69.9684
1619956648 0.478363 39594 35937 75578 1773.21 3706.83
1620944566 0.319139 386 682 1068 13.5476 42.4505
1624361641 0.326748 422 670 1092 13.0534 39.9495
1624504302 0.425434 2663 2573 5240 77.6534 182.528
1630436108 0.249646 155 399 556 5.71012 22.8729
1630494845 0.330566 466 676 1142 13.5074 40.8615
1630599450 0.312502 623 1050 1674 16.3214 52.2283
1632504468 0.22045 193 417 610 4.0108 18.1937
1633722035 0.262541 283 447 730 7.78483 29.6519
1633758575 0.426602 9185 9201 18392 260.658 611.011
1634033773 0.302089 447 713 1164 11.956 39.5776
1637850264 0.3771 1343 1821 3164 39.409 104.505
1644072244 0.273876 207 513 720 12.4542 45.474
1644623717 0.164439 87 223 310 2.15878 13.1281
1644860399 0.328082 460 690 1150 10.7995 32.9173
1649460525 0.251482 185 363 548 7.57564 30.124
1650261823 0.318345 524 855 1382 26.6614 83.75
1651155761 0.343503 496 812 1308 15.0664 43.8609
1659748944 0.370032 8095 8694 16796 177.862 480.665
1664578092 0.244733 421 754 1176 8.61876 35.2171
1664609468 0.408372 11314 10445 21762 204.766 501.419
1666041884 0.349108 680 866 1546 20.2896 58.1184
1673013775 0.440965 22125 21442 43580 936.781 2124.39
1673361246 0.442266 9374 9432 18828 378.083 854.877
1673753399 0.421829 5948 6110 12060 251.07 595.195
1674133285 0.230798 166 384 550 4.22467 18.3046
1682511504 0.401897 7339 7144 14486 161.82 402.639
1686569536 0.229313 163 325 488 4.09743 17.8683
1689026528 0.327036 789 1137 1926 20.6166 63.0409
1689487478 0.31754 492 782 1274 12.8121 40.3481
1696582662 0.322823 539 789 1328 13.1327 40.6807
1696866709 0.383163 6506 6782 13290 133.047 347.233
1697703102 0.479108 41683 39848 81550 1587.16 3312.73
1698533239 0.271056 331 553 888 7.29225 26.9031
1701455961 0.164157 100 300 400 2.47726 15.0908
1708551008 0.400734 2025 2005 4030 49.9007 124.523
1708584171 0.36562 1010 1082 2092 23.0117 62.9388
1708884945 0.325892 744 1195 1942 28.7118 88.1023
1710570448 0.390598 1809 2032 3844 49.4859 126.692
1713661028 0.360353 974 1167 2148 25.1805 69.8775
1714118533 0.383051 1156 1433 2590 39.2456 102.455
1714423423 0.400047 1869 2021 3894 48.536 121.326
1717666283 0.41252 1985 1944 3930 45.362 109.963
1719043104 0.451301 9176 7936 17116 287.177 636.332
1720121277 0.397478 1451 1487 2944 35.0643 88.217
1726131041 0.443879 4422 4491 8924 179.24 403.803
1726177199 0.327767 543 834 1378 15.5551 47.4579
1727604614 0.253972 197 335 532 4.42375 17.4182
1728188028 0.464262 10737 9851 20594 460.363 991.601
1729738987 0.337381 512 678 1190 19.0411 56.4381
1730184805 0.335228 731 960 1694 16.9954 50.698
1733568296 0.373245 875 1013 1890 28.8345 77.2535
1743744658 0.338043 885 1095 1980 21.1757 62.6421
1747572446 0.317187 563 817 1380 13.0976 41.293
1747690230 0.349115 622 730 1352 12.8564 36.8255
1747741421 0.335543 780 1015 1800 19.2504 57.3709
1751889134 0.402701 1981 2083 4064 49.2797 122.373
1754202175 0.377504 1574 1673 3248 35.9434 95.2132
1755143704 0.249096 192 484 676 6.39535 25.6742
1755598578 0.468141 33828 31617 65458 1047.64 2237.86
1757974278 0.32352 512 755 1272 14.0175 43.3281
1758464419 0.46019 9156 8054 17210 365.78 794.846
1759257719 0.45406 15265 13965 29236 572.739 1261.37
1764904981 0.269961 280 454 734 5.79751 21.4753
1770669869 0.34927 729 1004 1736 19.126 54.7601
1773759632 0.376148 1330 1340 2670 25.5307 67.8739
1773914443 0.350161 654 867 1524 17.9514 51.2662
1774394146 0.297884 274 510 784 7.37664 24.7635
1776135325 0.397483 1946 2126 4072 80.0624 201.423
1776178685 0.337924 840 1150 1990 19.5807 57.9443
1778602296 0.241791 270 515 788 6.4625 26.7276
1779293264 0.420248 3141 2989 6134 67.8583 161.472
1779703917 0.348752 729 1034 1764 27.2464 78.1254
1782869226 0.367322 1020 1533 2554 46.8253 127.477
1783240436 0.437478 12457 12526 24988 610.72 1396
1784046284 0.476815 29424 28215 57662 1322.71 2774.06
1784397295 0.220244 142 314 456 2.97716 13.5176
1785216386 0.369899 6505 6937 13446 114.755 310.234
1787421817 0.364971 985 1462 2450 33.9135 92.921
1787764019 0.311038 401 503 904 7.9329 25.5046
1790190135 0.172123 136 416 552 3.8066 22.1156
1790708640 0.26602 284 416 700 4.9896 18.7565
1793209182 0.332388 617 819 1436 14.2715 42.9363
1795031585 0.327151 550 728 1278 13.3206 40.717
1798252385 0.144709 114 262 376 3.16669 21.8831
1800465745 0.313704 531 711 1242 11.5582 36.8443
1800556926 0.276122 293 481 774 6.51193 23.5835
1800582423 0.236881 220 419 640 4.2362 17.8833
1807758482 0.319677 749 993 1742 14.8901 46.5787
1807923094 0.389668 6549 6948 13500 126.753 325.284
1808146123 0.423279 4576 3940 8516 84.7395 200.198
1810938923 0.337164 694 967 1662 14.7137 43.6397
1814042696 0.284407 349 583 932 15.8341 55.6743
1817407435 0.30511 421 799 1220 13.5117 44.2848
1821448116 0.337796 931 1205 2136 20.6606 61.163
1821929241 0.333588 662 912 1574 15.3568 46.0352
1823875979 0.380492 1233 1390 2624 31.1786 81.9428
1827105041 0.428655 3897 4160 8064 196.945 459.448
1827469702 0.361935 835 1180 2016 43.6152 120.506
1828385439 0.391698 1269 1502 2774 64.2415 164.008
1829473921 0.344011 596 740 1336 13.5697 39.4455
1829531439 0.470723 17956 17704 35670 774.525 1645.4
1830308214 0.396754 3917 4134 8052 172.538 434.874
1832046497 0.383313 3842 4016 7858 92.9817 242.574
1833375114 0.338982 852 920 1772 15.3277 45.2167
1835211311 0.357503 797 971 1768 22.231 62.184
1840427609 0.259125 186 364 550 4.54663 17.5461
1842995085 0.235987 331 633 964 7.33519 31.083
1843919117 0.42638 4673 4933 9614 199.65 468.244
1847971559 0.410204 2473 2491 4968 80.2438 195.62
1852713033 0.276004 360 771 1132 9.85089 35.6911
1854407944 0.365799 799 1045 1844 28.7129 78.4936
1854518221 0.343594 594 731 1326 13.7947 40.1481
1854724704 0.36989 761 1078 1844 32.7197 88.4578
1858532186 0.465272 12409 11016 23432 433.214 931.098
1858973629 0.353429 708 946 1654 16.2926 46.0987
1859817903 0.274629 324 508 834 6.35457 23.1387
1865262430 0.39566 1930 2234 4164 95.4164 241.158
1866924382 0.250658 262 582 844 6.87994 27.4475
1868902630 0.32125 502 817 1320 14.8596 46.2554
1869106585 0.405877 1794 1978 3780 44.1194 108.701
1874083742 0.364184 1026 1071 2100 21.5527 59.1807
1874466176 0.443795 5024 5312 10352 208.327 469.422
1875235860 0.410179 6876 7152 14030 160.734 391.863
1875844802 0.438772 4171 4240 8412 182.477 415.882
1878670742 0.485441 71821 68663 140550 3992.84 8225.17
1881012394 0.300036 372 528 904 8.26757 27.5553
1881898896 0.301686 345 474 820 6.40608 21.2342
1882892283 0.280156 334 486 820 9.1853 32.7864
1884182511 0.274658 243 425 668 8.51994 31.0202
1886508697 0.352753 633 1059 1694 29.2652 82.9624
1891334567 0.374847 1160 1362 2524 28.003 74.7053
1897473927 0.296513 294 478 772 6.9372 23.3959
1898361864 0.325862 506 777 1284 22.0665 67.7174
1902470327 0.291796 355 681 1036 10.0127 34.3142
1903323983 0.352039 871 1344 2216 25.6457 72.8489
1905855154 0.316051 515 629 1144 11.1947 35.4205
1906778557 0.372595 1259 1648 2908 33.677 90.3852
1911192238 0.297465 368 532 900 8.5991 28.908
1911235399 0.352754 785 980 1768 40.6761 115.31
1913709517 0.379642 10401 10101 20510 189.47 499.075
1915332745 0.49126 98289 90186 188558 4682.62 9531.85
1917023853 0.440409 9821 9886 19712 362.31 822.667
1919453283 0.292973 297 518 816 7.78788 26.5822
1920699179 0.382941 1029 1229 2258 24.7753 64.6973
1924376385 0.250428 234 401 636 4.74172 18.9345
1924505042 0.285179 413 667 1082 9.80622 34.3862
1925814426 0.496756 204781 198176 403108 8663.39 17439.9
1926759261 0.376255 895 1173 2074 37.302 99.1402
1926928261 0.379419 1036 1382 2418 43.7812 115.39
1928048284 0.277415 298 444 742 5.63872 20.3259
1928550884 0.381509 1192 1390 2582 32.4577 85.077
1931560965 0.435174 5305 5178 10486 189.993 436.592
1932655436 0.398856 1338 1610 2950 47.0825 118.044
1936128229 0.296451 399 600 1000 8.40358 28.3473
1937006880 0.362257 701 960 1662 20.5827 56.818
1938674243 0.320036 420 582 1006 10.3494 32.3383
1940324589 0.401184 1639 1927 3566 70.502 175.735
1940725028 0.395358 7880 7850 15738 164 414.814
1942546269 0.27615 315 556 872 8.10979 29.3673
1945562338 0.306578 370 648 1018 14.1411 46.1257
1945743855 0.457677 9014 7688 16704 332.517 726.531
1951976400 0.293378 345 521 866 9.62661 32.813
1965081271 0.452722 5618 6266 11894 324.557 716.901
1965581259 0.365645 731 1134 1866 37.5904 102.806
1969866611 0.360054 792 1080 1872 23.6547 65.6977
1971852551 0.258058 211 359 572 5.87431 22.7635
1977571362 0.385723 1825 2107 3934 58.5114 151.693
1977657363 0.36514 8658 9218 17882 154.963 424.393
1978376206 0.352734 3621 4005 7626 66.3812 188.191
1987101863 0.295437 352 612 964 9.81816 33.2327
1987721308 0.440803 10871 10313 21192 636.283 1443.47
1989012771 0.401375 8788 8996 17786 215.538 536.999
1990068838 0.376556 993 1177 2170 24.5033 65.0721
1991032306 0.507355 271342 266752 538278 15111.5 29784.9
1993703340 0.373053 1069 1135 2204 19.967 53.5231
1995104024 0.397657 7433 7892 15326 204.376 513.951
1995815811 0.369055 2084 2257 4344 43.2443 117.176
2005493057 0.428146 4537 4195 8734 129.155 301.661
2006232089 0.352018 663 873 1536 16.6091 47.1826
2008825906 0.38496 1277 1477 2756 44.7167 116.159
2012547918 0.293192 480 797 1278 11.2034 38.2119
2012765100 0.241322 281 595 876 6.57408 27.242
2014464693 0.30339 552 807 1362 12.9428 42.6606
2014895076 0.267849 354 620 974 17.3338 64.7148
2016770720 0.377091 925 1128 2054 21.418 56.7979
2019710834 0.374268 6913 7454 14368 127.029 339.405
2021124842 0.313362 395 557 952 10.3709 33.0956
2022319389 0.289311 285 444 730 7.97752 27.5742
2022343513 0.312397 469 657 1126 10.8263 34.6557
2023266720 0.293683 417 699 1116 10.2106 34.7675
2024321616 0.290109 381 584 966 8.28587 28.5612
2025196421 0.399104 3626 3859 7488 108.78 272.56
2041002363 0.389145 1302 1615 2920 46.5358 119.585
2041232625 0.371388 6380 6235 12620 112.847 303.853
2043509535 0.222598 202 406 608 4.38722 19.7092
2047156097 0.443885 21398 21588 43010 951.753 2144.14
2048461399 0.339483 608 675 1284 12.3727 36.4456
2049494710 0.151494 84 279 364 3.13769 20.7117
2049925720 0.480699 37163 33868 71042 1747.61 3635.55
2053130153 0.363327 1916 2046 3966 39.2409 108.004
2054490449 0.495015 158895 150696 309706 8407.17 16983.7
2055297371 0.27059 293 575 868 8.58781 31.7373
2057314188 0.365429 2209 2323 4534 42.4413 116.141
2060417361 0.404531 5061 5456 10536 181.317 448.216
2063527244 0.37272 5690 5653 11348 100.059 268.457
2063539370 0.211541 176 392 568 4.03202 19.0603
2069949786 0.370633 1033 1148 2184 25.7999 69.6103
2071978595 0.376708 5163 5198 10362 95.6034 253.786
2072437712 0.337193 635 908 1544 16.7287 49.6115
2072582263 0.269136 243 377 620 5.5532 20.6334
2072657264 0.441209 3859 4505 8374 133.93 303.551
2073363458 0.352576 751 903 1662 17.4573 49.5135
2073680707 0.423924 10087 10250 20342 383.466 904.563
2076676160 0.430937 16551 16975 33562 525.544 1219.54
2077103377 0.399658 11255 11066 22326 350.642 877.354
2078293239 0.42325 2469 2754 5230 100.951 238.515
2085270230 0.356793 1767 1925 3694 35.9921 100.877
2089573328 0.394069 1444 1365 2810 32.7432 83.0902
2091004351 0.383345 1069 1341 2414 26.3612 68.7664
2091208374 0.272554 310 474 784 5.72666 21.0111
2092640600 0.356946 6960 7616 14580 121.117 339.315
2097402803 0.346652 768 1082 1852 26.2756 75.798
2099077990 0.375317 1219 1770 2990 38.121 101.57
2104144843 0.427787 5057 4583 9640 150.925 352.804
2104546280 0.370135 995 1229 2224 26.8445 72.5261
2105282768 0.361865 857 1085 1942 19.5219 53.948
2108651882 0.282662 399 620 1020 9.41192 33.2975
2110070033 0.416646 7355 7934 15296 303.736 729.001
2110804274 0.326489 417 710 1130 14.0415 43.0075
2110846926 0.231832 256 413 670 4.29679 18.5341
2112622867 0.351443 574 850 1424 23.8124 67.7559
2112779339 0.372485 1458 1469 2928 35.9117 96.4111
2113086304 0.377523 1281 1512 2794 32.904 87.1576
2115839937 0.612476 360456 358105 718826 21868.2 35704.6
2116145993 0.314128 330 582 912 13.1629 41.9029
2120417475 0.484332 60006 56273 116308 2638.11 5446.91
2122021348 0.457888 17365 14981 32352 608.213 1328.3
2123675251 0.394742 7788 8216 16006 240.671 609.692
2125617848 0.38048 935 1248 2184 24.1788 63.5483
2128397504 0.245798 312 540 852 6.96157 28.3223
2134170348 0.265633 274 535 810 8.62285 32.4615
2134228640 0.382694 1315 1385 2700 28.3133 73.9841
2136923766 0.322448 493 724 1218 11.7454 36.4258
2137877834 0.397003 1678 1778 3460 49.4931 124.667
2138026233 0.282547 249 549 802 8.31977 29.4456
2138272344 0.432508 10396 10994 21392 460.675 1065.12
2142845778 0.262683 331 617 948 8.17016 31.1027
2143251906 0.339086 586 740 1328 15.4849 45.6665
2144511256 0.399642 8349 8903 17256 311.917 780.491
2145770182 0.312803 454 675 1130 9.72474 31.0891
