30
20
1 0.739011 537 189 728 
98 184 193 223 261 281 286 388 392 471 523 614 665 676 689 694 713 847 886 894 
257848435 460302320 472803287 529093148 608306699 672217067 680011967 921196694 925463759 1061525395 1137525288 1307182162 1409714700 1426735839 1447836992 1464082023 1497217149 1796176109 1907868093 1920532571 
2 0.70261 511 216 728 
89 119 161 199 212 249 290 297 335 389 486 515 525 586 669 679 800 920 935 976 
228323102 301886224 415042444 481021013 508147006 581605597 691509838 704205901 797879399 921861193 1076794490 1129614761 1138031707 1262658054 1416912268 1428400704 1678739770 1973876263 2023041935 2113858672 
3 0.701236 510 217 728 
102 146 154 181 265 368 382 389 417 455 481 498 527 554 706 710 783 834 853 864 
271636990 376066234 397639467 456905811 617741833 880324716 910278295 921861193 983814982 1035520738 1073638370 1101652782 1138607551 1199099509 1487515402 1496523542 1643034264 1759311750 1819468535 1847911844 
4 0.681619 621 289 914 
35 42 96 187 319 379 396 405 431 448 508 722 770 834 838 857 863 896 951 952 
112205515 121809584 250255172 463558697 762687479 901648811 930620313 965343712 1002651676 1028513683 1114850327 1512953790 1620661044 1759311750 1775612884 1836965816 1845979308 1924457638 2052350642 2054801109 
5 0.67033 488 240 728 
83 133 232 252 306 321 384 400 533 564 674 780 787 792 805 831 843 882 913 942 
217076149 325954162 542868668 584261663 730719210 767672075 919429349 937828972 1148029116 1214747356 1420350959 1641694241 1649531313 1656102686 1685058897 1750022081 1793209810 1901177059 1962691138 2038227692 
6 0.653846 475 251 728 
39 47 101 153 194 211 234 274 299 315 330 489 538 552 668 672 755 766 836 956 
117943419 130075927 268833780 397140278 474598395 502037064 548559262 637687715 707163231 747967116 793936639 1082537326 1154889401 1195646083 1413530005 1419957423 1588296090 1608807675 1764849904 2066755771 
7 0.619213 533 327 864 
27 80 90 103 204 266 316 372 416 429 470 558 588 623 652 662 891 905 934 972 
82545300 204006249 238770487 273871750 487326370 619186075 753547961 882517211 982551062 1000998512 1059450718 1203247582 1268018875 1324944412 1384275438 1407736672 1915930077 1944884355 2022912526 2105432686 
8 0.605082 440 287 728 
23 118 151 153 198 212 238 302 335 408 422 487 712 739 741 769 774 880 904 929 
52387031 299647460 392538644 397140278 480465584 508147006 562335533 712766245 797879399 968976627 988325107 1079905776 1497095871 1552547262 1556108052 1615126626 1627130030 1895882994 1944491836 2007215187 
9 0.599588 436 291 728 
36 182 203 210 242 249 327 351 352 450 490 492 505 598 625 634 726 840 950 968 
112537253 457924757 486688732 500898895 568294326 581605597 786038001 841268508 842938723 1029710437 1082804329 1083995424 1107944934 1284504626 1327612147 1353663595 1526136661 1784591278 2051100252 2099507418 
10 0.591346 430 297 728 
35 65 149 167 182 201 222 231 271 332 437 444 586 596 625 656 685 746 789 799 
112205515 181734355 385822435 429822376 457924757 482106265 528394047 542046518 635145075 796357920 1012668463 1024377338 1262658054 1282027874 1327612147 1392311771 1440484740 1565168486 1650496284 1676404678 
11 0.582418 424 304 728 
5 11 21 34 42 71 72 387 417 424 428 521 560 587 697 724 735 750 776 974 
24429446 30655864 48533114 103265332 121809584 195799892 196010648 921128789 983814982 996344788 1000422061 1136872510 1206836863 1265291944 1471469445 1514496809 1537328580 1574792935 1629273240 2107618077 
12 0.538018 467 401 868 
29 34 114 138 178 208 289 334 403 489 494 653 661 698 721 722 741 791 968 970 
92742205 103265332 288117886 336479015 451638467 496156444 691491734 797537978 958415059 1082537326 1088544615 1384408059 1407041303 1471671173 1512651269 1512953790 1556108052 1656004860 2099507418 2101812813 
13 0.498626 363 365 728 
0 74 208 220 309 310 459 624 627 629 651 674 681 703 741 808 862 866 875 925 
1305573 201141487 496156444 525811208 732346030 737198408 1041392456 1326441886 1332452734 1341356487 1381575725 1420350959 1429027183 1478601611 1556108052 1689342482 1845656484 1859435953 1877823855 1988460520 
14 0.473844 389 432 822 
7 9 35 56 73 106 265 312 365 442 546 606 712 746 791 793 841 915 951 980 
26309685 27678225 112205515 165427802 200972968 280455741 617741833 742217278 872493452 1019182437 1178485963 1296014350 1497095871 1565168486 1656004860 1660464701 1786007017 1965905189 2052350642 2119342937 
15 0.456236 416 496 914 
64 116 228 240 271 353 359 361 472 490 504 559 577 592 613 670 716 770 889 932 
181627023 292931880 536394006 567958988 635145075 847663285 856322899 865357407 1061614745 1082804329 1106902070 1205215801 1245568980 1270299294 1305687330 1417704917 1504226232 1620661044 1913534953 2020477572 
16 0.432692 315 413 728 
29 117 137 260 305 354 375 406 491 661 675 680 708 760 778 782 796 908 919 941 
92742205 293572129 332241925 607105765 723098193 850609250 888523629 965940494 1083416944 1407041303 1420476494 1428932574 1491987704 1600136250 1638205997 1642993054 1663608656 1952930476 1971746355 2035882635 
17 0.430657 354 468 822 
62 72 93 112 132 230 394 446 450 534 564 583 687 699 703 714 720 755 940 949 
177170471 196010648 243312192 286846566 325786950 540876656 928131757 1028030496 1029710437 1149404493 1214747356 1255110268 1444650166 1472772693 1478601611 1500539078 1509808359 1588296090 2035808635 2050895276 
18 0.430632 313 414 728 
55 123 138 152 165 177 242 252 258 389 396 404 513 779 823 838 895 928 941 997 
163449839 307137944 336479015 393525204 425435955 450443201 568294326 584261663 606336820 921861193 930620313 959547198 1127480956 1639725282 1728322591 1775612884 1923413143 2003334412 2035882635 2144194860 
19 0.427436 398 535 944 
174 227 288 318 339 350 401 406 417 440 511 539 578 586 611 627 669 752 814 854 
448911867 531742399 690972410 759267682 804544863 836943889 952382199 965940494 983814982 1017891981 1120610089 1161838700 1245595137 1262658054 1303787404 1332452734 1416912268 1581247122 1698398950 1820264232 
20 0.425137 309 418 728 
37 51 143 227 239 250 301 305 326 399 481 486 502 509 598 612 656 660 731 843 
116438056 148431819 348039018 531742399 567637291 581647986 712528437 723098193 778732254 936635090 1073638370 1076794490 1105654774 1117733145 1284504626 1305457536 1392311771 1403652118 1530804750 1793209810 
21 0.410486 321 461 782 
40 49 76 79 100 179 227 307 387 419 557 654 655 750 789 795 907 926 956 985 
119290408 136582379 201612682 203252185 268124995 451913826 531742399 731068874 921128789 985671855 1202429846 1389707746 1391132874 1574792935 1650496284 1662768114 1949970024 1997885973 2066755771 2125694773 
22 0.410027 298 429 728 
0 59 162 182 202 230 236 237 373 434 451 612 692 727 732 765 789 854 900 961 
1305573 167442147 417980676 457924757 486365734 540876656 560135439 562157130 884897430 1009761972 1029715548 1305457536 1456949529 1527435958 1531922348 1608445455 1650496284 1820264232 1938296804 2073073912 
23 0.403846 294 434 728 
38 39 48 106 247 299 301 366 399 596 619 667 690 709 725 751 802 909 983 989 
117245200 117943419 131644130 280455741 576300930 707163231 712528437 875284424 936635090 1282027874 1318942157 1413518219 1454822166 1492763824 1518939556 1575799710 1680622547 1956467716 2125570191 2130582139 
24 0.394231 286 440 728 
31 43 119 153 240 267 412 469 529 573 607 631 714 745 747 780 800 857 871 874 
98705716 122669805 301886224 397140278 567958988 620725178 977009097 1059186277 1139878501 1236310691 1297798292 1349300614 1500539078 1564863278 1565572796 1641694241 1678739770 1836965816 1871373008 1877568349 
25 0.380495 277 451 728 
0 73 133 162 206 216 283 396 424 542 604 625 697 711 757 805 826 883 921 971 
1305573 200972968 325954162 417980676 493357078 515781533 673252274 930620313 996344788 1170690130 1295214319 1327612147 1471469445 1496716591 1590423497 1685058897 1738894688 1902815974 1974057790 2103367878 
26 0.370192 269 458 728 
91 139 188 227 334 422 439 527 529 611 621 708 711 751 820 822 833 958 989 995 
241692176 336498265 463969304 531742399 797537978 988325107 1017548586 1138607551 1139878501 1303787404 1320633990 1491987704 1496716591 1575799710 1726324947 1728185364 1758388017 2071117687 2130582139 2139749849 
27 0.349588 253 472 728 
9 64 71 75 97 123 135 207 268 302 519 521 594 618 633 675 677 744 764 997 
27678225 181627023 195799892 201472875 256309030 307137944 330330499 495375122 623020138 712766245 1135057111 1136872510 1274528882 1318689048 1351957522 1420476494 1427121655 1563823856 1606587822 2144194860 
28 0.316621 229 496 728 
39 166 191 267 305 329 454 522 655 657 701 724 725 814 868 869 884 935 959 988 
117943419 425499092 470183414 620725178 723098193 793016418 1034921701 1137027070 1391132874 1394295377 1474462728 1514496809 1518939556 1698398950 1861216592 1862668665 1903072168 2023041935 2072552371 2129183500 
29 0.311813 225 499 728 
37 67 170 334 368 371 377 400 443 463 487 654 796 827 833 883 897 954 979 996 
116438056 192099270 437301438 797537978 880324716 880988490 899083820 937828972 1022547345 1045602363 1079905776 1389707746 1663608656 1739847853 1758388017 1902815974 1924615589 2060794883 2115751534 2144130214 
30 0.272665 198 529 728 
18 107 322 349 397 456 457 462 468 579 612 618 621 820 824 835 859 879 957 969 
45149186 282643682 773391282 829034757 931144667 1035687118 1037424020 1044847673 1056700566 1247006347 1305457536 1318689048 1320633990 1726324947 1731649211 1763029722 1840290931 1889578609 2070726151 2101784894 
