30
20
1 1 2 0 2 
202 471 572 40 273 573 203 283 737 161 734 436 790 2 664 233 419 535 821 606 
486365734 1061525395 1233922131 119290408 637088541 1236310691 486688732 673252274 1546002144 415042444 1535067610 1010993066 1654826414 13837681 1408606277 544615660 985671855 1151072446 1728155815 1296014350 
2 1 2 0 2 
819 680 487 959 0 952 823 867 964 600 405 912 43 477 845 513 346 874 197 859 
1725873641 1428932574 1079905776 2072552371 1305573 2054801109 1728322591 1859938340 2076406645 1290629014 965343712 1960656979 122669805 1067122480 1794196025 1127480956 820015890 1877568349 478349922 1840290931 
3 1 2 0 2 
41 750 631 232 554 357 672 383 511 125 405 444 102 838 9 516 35 642 693 351 
119815810 1574792935 1349300614 542868668 1199099509 854892364 1419957423 912641281 1120610089 308283099 965343712 1024377338 271636990 1775612884 27678225 1130075744 112205515 1364148654 1460717203 841268508 
4 1 2 0 2 
777 206 718 752 11 444 710 38 60 457 607 324 360 964 340 51 369 858 670 540 
1637248101 493357078 1506334455 1581247122 30655864 1024377338 1496523542 117245200 169338273 1037424020 1297798292 776789551 857857316 2076406645 804588212 148431819 880630017 1838431974 1417704917 1162236563 
5 1 2 0 2 
745 569 201 46 90 894 564 545 171 864 699 813 554 89 389 769 532 350 776 381 
1564863278 1228528998 482106265 127245725 238770487 1920532571 1214747356 1177373478 440192352 1847911844 1472772693 1698165126 1199099509 228323102 921861193 1615126626 1147072695 836943889 1629273240 908929461 
6 1 2 0 2 
448 669 678 531 762 959 439 964 411 291 174 189 976 318 949 550 433 285 314 423 
1028513683 1416912268 1427534710 1146582650 1601790943 2072552371 1017548586 2076406645 976977356 692032343 448911867 464288949 2113858672 759267682 2050895276 1192026593 1008561857 678815267 744491121 990818113 
7 1 2 0 2 
564 643 141 286 307 159 648 296 421 279 553 718 865 89 8 117 265 874 885 862 
1214747356 1364297866 341196144 680011967 731068874 412108362 1372459381 704076811 986889308 658514800 1196364923 1506334455 1855633118 228323102 27386201 293572129 617741833 1877568349 1905599979 1845656484 
8 1 2 0 2 
891 699 949 843 312 158 975 522 80 833 570 818 789 854 966 198 623 220 355 654 
1915930077 1472772693 2050895276 1793209810 742217278 408788778 2113760304 1137027070 204006249 1758388017 1233733954 1724936867 1650496284 1820264232 2083661480 480465584 1324944412 525811208 851378286 1389707746 
9 1 2 0 2 
64 911 702 928 722 36 609 327 802 865 672 720 2 5 165 709 832 602 363 498 
181627023 1957126505 1477825567 2003334412 1512953790 112537253 1301187581 786038001 1680622547 1855633118 1419957423 1509808359 13837681 24429446 425435955 1492763824 1756533981 1293719811 871511381 1101652782 
10 1 2 0 2 
626 115 896 903 836 563 634 421 720 835 749 565 60 484 180 117 522 869 70 694 
1330494392 290503083 1924457638 1944270830 1764849904 1212609334 1353663595 986889308 1509808359 1763029722 1573640937 1216851167 169338273 1075798142 456597497 293572129 1137027070 1862668665 195184508 1464082023 
11 1 2 0 2 
356 904 8 98 728 831 239 969 422 428 804 244 347 499 434 524 256 280 569 279 
854676967 1944491836 27386201 257848435 1528148689 1750022081 567637291 2101784894 988325107 1000422061 1684922424 573769969 820937295 1102109111 1009761972 1137823399 593268176 661379574 1228528998 658514800 
12 1 2 0 2 
59 827 365 616 151 359 191 414 347 506 431 904 410 6 77 944 165 855 7 503 
167442147 1739847853 872493452 1312255196 392538644 856322899 470183414 981700108 820937295 1112836686 1002651676 1944491836 973320517 26291479 202398073 2043062528 425435955 1833368863 26309685 1105840550 
13 1 2 0 2 
261 816 647 680 723 534 507 496 426 629 529 78 819 329 802 849 379 231 640 304 
608306699 1723177924 1371384823 1428932574 1513021368 1149404493 1113678035 1099347966 999302253 1341356487 1139878501 202866977 1725873641 793016418 1680622547 1800742315 901648811 542046518 1360799572 722714106 
14 1 2 0 2 
408 612 432 548 461 276 50 855 574 789 981 434 463 568 836 549 567 788 401 123 
968976627 1305457536 1005186140 1182805241 1042726754 643676958 145676755 1833368863 1237318531 1650496284 2124450629 1009761972 1045602363 1226678532 1764849904 1189893684 1223737433 1650036900 952382199 307137944 
15 1 2 0 2 
953 846 701 634 387 194 255 246 432 998 615 438 266 497 435 879 902 472 798 5 
2057873780 1796019578 1474462728 1353663595 921128789 474598395 584525145 576178604 1005186140 2145165024 1308335342 1012762683 619186075 1099650964 1010932506 1889578609 1944150644 1061614745 1676026721 24429446 
16 1 4 0 4 
92 185 620 755 309 60 457 545 572 427 852 464 437 303 154 494 789 780 835 407 
243039489 460838693 1318949533 1588296090 732346030 169338273 1037424020 1177373478 1233922131 999611774 1818408667 1047051279 1012668463 716663392 397639467 1088544615 1650496284 1641694241 1763029722 968156745 
17 1 2 0 2 
678 410 853 283 800 832 211 728 915 618 510 628 330 651 756 491 457 729 185 113 
1427534710 973320517 1819468535 673252274 1678739770 1756533981 502037064 1528148689 1965905189 1318689048 1119157181 1334711795 793936639 1381575725 1589398982 1083416944 1037424020 1529274038 460838693 287497903 
18 1 2 0 2 
521 757 815 585 694 357 722 779 454 78 497 958 331 390 224 506 21 932 633 524 
1136872510 1590423497 1708770092 1256654396 1464082023 854892364 1512953790 1639725282 1034921701 202866977 1099650964 2071117687 795869144 922907401 529659496 1112836686 48533114 2020477572 1351957522 1137823399 
19 1 2 0 2 
277 14 169 634 250 260 962 332 103 977 866 822 545 294 708 704 216 299 131 951 
657530881 36229146 435254046 1353663595 581647986 607105765 2073327732 796357920 273871750 2114370666 1859435953 1728185364 1177373478 696627340 1491987704 1483713197 515781533 707163231 325572060 2052350642 
20 1 2 0 2 
702 452 788 633 220 664 448 42 433 300 32 853 978 115 963 910 200 740 671 479 
1477825567 1033555724 1650036900 1351957522 525811208 1408606277 1028513683 121809584 1008561857 708224699 101970168 1819468535 2114429413 290503083 2076035057 1956921453 481431099 1554931787 1419384338 1071798365 
21 1 2 0 2 
952 643 400 140 173 184 216 290 552 808 994 798 385 402 526 530 360 399 562 671 
2054801109 1364297866 937828972 336657681 442099256 460302320 515781533 691509838 1195646083 1689342482 2134640766 1676026721 919538212 952580268 1138388427 1142080858 857857316 936635090 1212382052 1419384338 
22 1 2 0 2 
77 665 587 669 799 692 945 329 22 394 387 702 787 152 437 687 884 484 118 826 
202398073 1409714700 1265291944 1416912268 1676404678 1456949529 2045938828 793016418 50343583 928131757 921128789 1477825567 1649531313 393525204 1012668463 1444650166 1903072168 1075798142 299647460 1738894688 
23 1 2 0 2 
117 208 122 351 100 205 167 338 427 707 642 689 945 933 656 493 401 93 833 615 
293572129 496156444 306992943 841268508 268124995 493263529 429822376 804013682 999611774 1491101654 1364148654 1447836992 2045938828 2021523418 1392311771 1088104540 952382199 243312192 1758388017 1308335342 
24 1 2 0 2 
147 887 892 229 198 824 303 83 861 168 262 528 785 776 736 32 268 923 389 194 
376889322 1909197198 1916954800 536910068 480465584 1731649211 716663392 217076149 1842348106 431326372 610185474 1139703784 1646857287 1629273240 1541764491 101970168 623020138 1983993984 921861193 474598395 
25 1 2 0 2 
266 815 767 613 608 463 510 260 204 816 590 848 718 783 734 357 296 315 158 309 
619186075 1708770092 1608914511 1305687330 1300090220 1045602363 1119157181 607105765 487326370 1723177924 1268676686 1800388124 1506334455 1643034264 1535067610 854892364 704076811 747967116 408788778 732346030 
26 1 2 0 2 
683 763 436 251 797 34 984 922 655 31 184 833 115 332 315 379 91 568 413 955 
1436432968 1602570401 1010993066 582762268 1666513444 103265332 2125599841 1975595272 1391132874 98705716 460302320 1758388017 290503083 796357920 747967116 901648811 241692176 1226678532 977335936 2064659216 
27 1 2 0 2 
116 619 705 364 171 2 833 63 960 524 552 167 988 731 470 783 363 427 447 939 
292931880 1318942157 1486671637 871943139 440192352 13837681 1758388017 178124629 2072889576 1137823399 1195646083 429822376 2129183500 1530804750 1059450718 1643034264 871511381 999611774 1028209580 2031038316 
28 1 2 0 2 
767 691 314 362 980 391 285 653 624 326 950 55 167 416 334 503 266 310 684 968 
1608914511 1455545585 744491121 865364661 2119342937 923154006 678815267 1384408059 1326441886 778732254 2051100252 163449839 429822376 982551062 797537978 1105840550 619186075 737198408 1440282447 2099507418 
29 1 2 0 2 
946 120 988 705 13 196 321 603 415 266 876 346 439 98 447 37 381 102 816 974 
2047247695 302137281 2129183500 1486671637 35832986 475954690 767672075 1294202756 981785147 619186075 1883377152 820015890 1017548586 257848435 1028209580 116438056 908929461 271636990 1723177924 2107618077 
30 1 2 0 2 
752 129 609 805 913 345 776 18 574 699 635 426 564 972 672 772 757 208 165 255 
1581247122 315340483 1301187581 1685058897 1962691138 819308120 1629273240 45149186 1237318531 1472772693 1355484514 999302253 1214747356 2105432686 1419957423 1624486152 1590423497 496156444 425435955 584525145 
