30
20
50 1 2 0 2 
994 984 272 979 145 632 727 723 502 555 341 95 68 139 827 184 969 579 64 205 
2134640766 2125599841 635349941 2115751534 368782060 1349552477 1527435958 1513021368 1105654774 1199114747 805687106 247219124 193155809 336498265 1739847853 460302320 2101784894 1247006347 181627023 493263529 
150 0 0 0 0 
62 272 852 359 95 263 940 670 926 277 931 564 191 561 381 341 740 738 308 881 
177170471 635349941 1818408667 856322899 247219124 614270121 2035808635 1417704917 1997885973 657530881 2020265876 1214747356 470183414 1208212077 908929461 805687106 1554931787 1547813726 731207130 1900271943 
250 0 0 0 0 
671 803 945 455 915 958 169 245 937 759 154 489 41 764 185 721 215 268 674 684 
1419384338 1681635455 2045938828 1035520738 1965905189 2071117687 435254046 574035045 2030054844 1599960591 397639467 1082537326 119815810 1606587822 460838693 1512651269 513916157 623020138 1420350959 1440282447 
350 0 0 0 0 
554 13 864 660 267 576 560 574 536 707 496 547 341 484 957 615 499 815 804 80 
1199099509 35832986 1847911844 1403652118 620725178 1242344315 1206836863 1237318531 1151533327 1491101654 1099347966 1180004293 805687106 1075798142 2070726151 1308335342 1102109111 1708770092 1684922424 204006249 
450 0 0 0 0 
54 891 473 230 518 571 21 949 421 212 132 766 364 348 566 195 452 561 527 16 
159826556 1915930077 1061730154 540876656 1133640621 1233770120 48533114 2050895276 986889308 508147006 325786950 1608807675 871943139 826928033 1219995948 475637482 1033555724 1208212077 1138607551 41921677 
550 0 0 0 0 
90 204 676 622 362 303 187 451 993 760 846 521 644 338 345 523 396 976 867 18 
238770487 487326370 1426735839 1321152237 865364661 716663392 463558697 1029715548 2134346003 1600136250 1796019578 1136872510 1365866267 804013682 819308120 1137525288 930620313 2113858672 1859938340 45149186 
650 0 0 0 0 
300 171 764 789 800 955 308 710 254 915 353 527 603 450 758 801 925 829 571 216 
708224699 440192352 1606587822 1650496284 1678739770 2064659216 731207130 1496523542 584458833 1965905189 847663285 1138607551 1294202756 1029710437 1594308338 1678800297 1988460520 1744876846 1233770120 515781533 
750 0 0 0 0 
787 301 52 898 947 111 654 694 841 630 861 790 192 946 528 928 36 964 725 8 
1649531313 712528437 150721660 1926085089 2049128401 286548181 1389707746 1464082023 1786007017 1345112163 1842348106 1654826414 471545872 2047247695 1139703784 2003334412 112537253 2076406645 1518939556 27386201 
850 0 0 0 0 
638 3 908 535 544 932 938 853 209 66 754 253 346 677 265 213 744 553 848 945 
1357023278 16534619 1952930476 1151072446 1174863499 2020477572 2031026779 1819468535 498601983 188325800 1584134935 584340926 820015890 1427121655 617741833 511035576 1563823856 1196364923 1800388124 2045938828 
950 0 0 0 0 
314 243 823 169 925 965 808 782 755 242 430 532 37 677 754 576 345 536 757 216 
744491121 569194967 1728322591 435254046 1988460520 2077419390 1689342482 1642993054 1588296090 568294326 1002020160 1147072695 116438056 1427121655 1584134935 1242344315 819308120 1151533327 1590423497 515781533 
1050 0 0 0 0 
519 572 173 439 454 114 478 839 765 900 898 264 676 66 352 18 616 728 545 279 
1135057111 1233922131 442099256 1017548586 1034921701 288117886 1070948940 1780520559 1608445455 1938296804 1926085089 615932677 1426735839 188325800 842938723 45149186 1312255196 1528148689 1177373478 658514800 
1150 0 0 0 0 
219 107 515 395 506 828 154 971 487 563 779 612 767 18 491 19 348 116 443 512 
523214095 282643682 1129614761 929128651 1112836686 1743011613 397639467 2103367878 1079905776 1212609334 1639725282 1305457536 1608914511 45149186 1083416944 45866203 826928033 292931880 1022547345 1123856086 
1250 0 0 0 0 
406 749 536 282 275 209 203 568 372 70 296 405 759 454 470 831 948 531 573 585 
965940494 1573640937 1151533327 673078571 638779225 498601983 486688732 1226678532 882517211 195184508 704076811 965343712 1599960591 1034921701 1059450718 1750022081 2049946983 1146582650 1236310691 1256654396 
1350 0 0 0 0 
288 2 566 794 386 252 623 509 468 131 472 113 782 305 677 783 944 258 738 38 
690972410 13837681 1219995948 1662325897 920025030 584261663 1324944412 1117733145 1056700566 325572060 1061614745 287497903 1642993054 723098193 1427121655 1643034264 2043062528 606336820 1547813726 117245200 
1450 0 0 0 0 
745 789 228 126 54 30 244 542 246 835 128 61 518 378 752 999 927 165 610 720 
1564863278 1650496284 536394006 309786303 159826556 93916728 573769969 1170690130 576178604 1763029722 314301964 171933297 1133640621 901092572 1581247122 2146699545 2002177602 425435955 1303422360 1509808359 
1550 0 0 0 0 
820 737 520 485 248 453 899 573 228 338 282 701 835 195 939 796 283 992 666 748 
1726324947 1546002144 1135716455 1076277320 579690671 1034122168 1931731129 1236310691 536394006 804013682 673078571 1474462728 1763029722 475637482 2031038316 1663608656 673252274 2132974689 1410793835 1571409195 
1650 0 0 0 0 
994 494 137 732 301 905 333 899 383 616 744 487 270 336 728 464 421 900 258 978 
2134640766 1088544615 332241925 1531922348 712528437 1944884355 796478807 1931731129 912641281 1312255196 1563823856 1079905776 632238492 797910777 1528148689 1047051279 986889308 1938296804 606336820 2114429413 
1750 0 0 0 0 
928 711 117 892 194 613 91 710 447 345 448 593 398 993 421 643 757 952 270 66 
2003334412 1496716591 293572129 1916954800 474598395 1305687330 241692176 1496523542 1028209580 819308120 1028513683 1273131825 935238106 2134346003 986889308 1364297866 1590423497 2054801109 632238492 188325800 
1850 0 0 0 0 
300 227 54 958 104 944 799 410 61 800 510 231 731 614 516 779 249 278 624 884 
708224699 531742399 159826556 2071117687 274118123 2043062528 1676404678 973320517 171933297 1678739770 1119157181 542046518 1530804750 1307182162 1130075744 1639725282 581605597 657631976 1326441886 1903072168 
1950 0 0 0 0 
794 365 6 733 260 247 345 15 820 675 149 566 976 549 4 72 702 201 16 109 
1662325897 872493452 26291479 1533550276 607105765 576300930 819308120 36841646 1726324947 1420476494 385822435 1219995948 2113858672 1189893684 16745858 196010648 1477825567 482106265 41921677 284942330 
2050 0 0 0 0 
683 336 450 889 334 747 606 71 275 91 489 139 97 761 297 695 197 335 435 795 
1436432968 797910777 1029710437 1913534953 797537978 1565572796 1296014350 195799892 638779225 241692176 1082537326 336498265 256309030 1600602070 704205901 1469445811 478349922 797879399 1010932506 1662768114 
2150 0 0 0 0 
933 738 66 143 620 101 938 280 628 778 299 961 804 422 385 702 576 349 429 110 
2021523418 1547813726 188325800 348039018 1318949533 268833780 2031026779 661379574 1334711795 1638205997 707163231 2073073912 1684922424 988325107 919538212 1477825567 1242344315 829034757 1000998512 286180965 
2250 0 0 0 0 
552 446 861 637 924 568 679 539 292 541 246 958 878 328 563 839 467 531 761 35 
1195646083 1028030496 1842348106 1356011051 1986166360 1226678532 1428400704 1161838700 693422594 1165680258 576178604 2071117687 1888965101 792499517 1212609334 1780520559 1052307421 1146582650 1600602070 112205515 
2350 0 0 0 0 
253 338 282 718 780 865 584 571 709 911 680 838 672 610 605 648 246 177 894 138 
584340926 804013682 673078571 1506334455 1641694241 1855633118 1256076065 1233770120 1492763824 1957126505 1428932574 1775612884 1419957423 1303422360 1295466185 1372459381 576178604 450443201 1920532571 336479015 
2450 0 0 0 0 
368 284 705 3 538 435 966 595 899 948 762 996 236 354 572 480 397 271 270 752 
880324716 674488257 1486671637 16534619 1154889401 1010932506 2083661480 1275684934 1931731129 2049946983 1601790943 2144130214 560135439 850609250 1233922131 1072188975 931144667 635145075 632238492 1581247122 
2550 0 0 0 0 
124 748 781 209 532 643 249 223 166 410 518 640 275 400 514 164 423 535 311 317 
307759485 1571409195 1642648471 498601983 1147072695 1364297866 581605597 529093148 425499092 973320517 1133640621 1360799572 638779225 937828972 1128414937 423739412 990818113 1151072446 739117262 755981305 
2650 0 0 0 0 
284 943 795 965 34 981 159 896 841 699 724 71 465 362 912 131 891 895 762 716 
674488257 2043047078 1662768114 2077419390 103265332 2124450629 412108362 1924457638 1786007017 1472772693 1514496809 195799892 1048756630 865364661 1960656979 325572060 1915930077 1923413143 1601790943 1504226232 
2750 0 0 0 0 
668 186 839 608 996 243 305 573 296 368 90 641 365 151 198 917 14 445 88 613 
1413530005 462881181 1780520559 1300090220 2144130214 569194967 723098193 1236310691 704076811 880324716 238770487 1361770622 872493452 392538644 480465584 1971108287 36229146 1027930334 225906638 1305687330 
2850 0 0 0 0 
453 777 688 46 567 172 450 968 574 85 917 469 838 578 430 197 507 826 154 600 
1034122168 1637248101 1445513865 127245725 1223737433 441806747 1029710437 2099507418 1237318531 223077673 1971108287 1059186277 1775612884 1245595137 1002020160 478349922 1113678035 1738894688 397639467 1290629014 
2950 -1 0 2 2 
25 807 652 151 981 703 270 820 103 423 596 333 747 918 947 565 338 846 650 147 
69786417 1686578447 1384275438 392538644 2124450629 1478601611 632238492 1726324947 273871750 990818113 1282027874 796478807 1565572796 1971139829 2049128401 1216851167 804013682 1796019578 1377111885 376889322 
