800
0.497811 0.382408 77.2229
0.502899 0.5 0
0.503244 0.5 0
0.503044 0.5 0
0.500401 0.5 0
0.503017 0.570343 28.8403
0.503917 0.5 0
0.50245 0.424287 33.2054
0.501823 0.5 0
0.503609 0.450191 73.6321
0.500296 0.5 0
0.501527 0.866057 68.66
0.505635 0.5 0
0.498333 0.5 0
0.50633 0.5 0
0.503499 0.5 0
0.504388 0.5 0
0.501789 0.5 0
0.502034 0.25061 23.1306
0.505484 0.5 0
0.503878 0.5 0
0.500806 0.532393 21.0374
0.502281 0.5 0
0.503743 0.568815 24.3902
0.50818 0.5 0
0.50335 0.5 0
0.501571 0.5 0
0.504817 0.71928 67.5707
0.501615 0.5 0
0.505058 0.403599 57.7008
0.499653 0.5 0
0.49999 0.424136 26.2763
0.496803 0.5 0
0.503362 0.5 0
0.503741 0.447233 55.2963
0.505745 0.669706 183.005
0.501447 0.424252 34.957
0.502848 0.31645 239.502
0.50283 0.424443 26.715
0.504123 0.41229 200.032
0.504175 0.401785 49.3048
0.503467 0.5 0
0.501812 0.565433 48.9937
0.50571 0.469477 43.3624
0.503501 0.5 0
0.500097 0.5 0
0.502786 0.5 0
0.504949 0.712214 61.2901
0.502477 0.33182 32.6464
0.502971 0.437851 37.8858
0.50538 0.5 0
0.500987 0.531237 51.9337
0.507199 0.5 0
0.504656 0.5 0
0.501121 0.5 0
0.500094 0.428438 44.949
0.500534 0.412543 32.616
0.502446 0.5 0
0.501642 0.5 0
0.507811 0.437291 90.4715
0.504658 0.5 0
0.503207 0.5 0
0.505399 0.462679 41.4489
0.500117 0.278435 5.00526
0.504596 0.369831 81.7825
0.505824 0.594181 18.5729
0.505815 0.5 0
0.501585 0.348032 41.9753
0.505203 0.5 0
0.501733 0.5 0
0.501623 0.5 0
0.503564 0.423246 52.3843
0.500927 0.481759 66.4437
0.502836 0.44609 145.441
0.502317 0.385361 53.0312
0.502947 0.434393 33.5397
0.500849 0.365455 27.1594
0.503996 0.5 0
0.503137 0.5 0
0.506644 0.561424 61.0783
0.505436 0.552858 65.1506
0.505742 0.5 0
0.50222 0.5 0
0.503527 0.70131 65.4385
0.499581 0.5 0
0.504344 0.5 0
0.50374 0.5 0
0.506028 0.5 0
0.503291 0.5 0
0.506409 0.648857 37.02
0.504151 0.641514 81.2212
0.499492 0.338227 25.068
0.504369 0.5 0
0.500381 0.403453 56.0489
0.500428 0.5 0
0.508034 0.5 0
0.506509 0.675668 62.0814
0.501345 0.311713 46.3841
0.499812 0.726586 24.83
0.501414 0.5 0
0.504657 0.400662 40.5784
0.500218 0.569278 17.3331
0.499591 0.643144 24.9987
0.503877 0.560709 20.5152
0.50125 0.5 0
0.507364 0.181068 6.04372
0.502088 0.455206 144.582
0.502543 0.2759 34.1404
0.503207 0.5 0
0.501384 0.5 0
0.507659 0.5 0
0.500461 0.5 0
0.500568 0.423173 32.5184
0.50756 0.5 0
0.502571 0.406078 38.3202
0.502729 0.5 0
0.502251 0.30434 86.8721
0.499652 0.355477 21.2688
0.501868 0.604621 33.4525
0.502271 0.520686 96.4902
0.503828 0.5 0
0.500756 0.5 0
0.505707 0.14487 4.75229
0.500939 0.393529 70.0284
0.500513 0.5 0
0.503399 0.2418 7.68938
0.503069 0.5 0
0.502298 0.5 0
0.504609 0.5 0
0.504943 0.5 0
0.505132 0.5 0
0.499905 0.5 0
0.501186 0.420112 34.7207
0.501974 0.489079 55.7011
0.501432 0.5 0
0.502436 0.432371 66.4767
0.502299 0.5 0
0.506572 0.513364 53.0856
0.503577 0.436309 64.406
0.507162 0.368765 27.6081
0.506505 0.5 0
0.502546 0.5 0
0.506599 0.5 0
0.500308 0.403013 22.7301
0.500363 0.5 0
0.506164 0.5 0
0.502489 0.654811 26.3598
0.498831 0.5 0
0.506227 0.5 0
0.505535 0.6204 17.8553
0.501686 0.5 0
0.505065 0.554499 32.2184
0.505589 0.429159 33.4037
0.503644 0.543851 115.63
0.50365 0.8152 39.4232
0.506878 0.5 0
0.505652 0.5 0
0.50338 0.5 0
0.50541 0.5 0
0.502064 0.160719 7.13175
0.504031 0.5 0
0.501296 0.685937 73.84
0.504089 0.367609 59.2151
0.502892 0.5 0
0.505407 0.5 0
0.505039 0.312084 51.4528
0.503976 0.255431 24.761
0.506513 0.473136 247.969
0.503054 0.5 0
0.507569 0.5 0
0.502983 0.40778 49.4366
0.503833 0.5 0
0.508011 0.5 0
0.50469 0.5 0
0.501364 0.396847 24.3433
0.505333 0.5 0
0.499192 0.5 0
0.505431 0.428144 32.8032
0.504755 0.705213 444.525
0.50535 0.431559 83.2673
0.502995 0.5 0
0.499406 0.632768 21.36
0.504203 0.481081 91.122
0.497404 0.5 0
0.508558 0.70832 44.9069
0.502813 0.5 0
0.503367 0.5 0
0.504376 0.634627 29.0375
0.502519 0.37134 23.5936
0.500164 0.20363 4.42774
0.503434 0.5 0
0.499047 0.269424 24.4428
0.507276 0.5 0
0.505964 0.7909 41.4956
0.50707 0.600561 42.5353
0.501432 0.5 0
0.501611 0.5 0
0.502311 0.162305 6.12529
0.504847 0.575444 33.0686
0.505904 0.755609 72.7229
0.504754 0.5 0
0.502898 0.522528 24.1511
0.501196 0.371216 23.6731
0.50063 0.527573 38.8549
0.504969 0.581137 29.3209
0.503292 0.5 0
0.502744 0.317454 46.3978
0.503987 0.470377 124.764
0.500851 0.452564 43.4954
0.503237 0.5 0
0.499567 0.52766 29.9493
0.504596 0.646665 119.838
0.502628 0.803536 170.462
0.503065 0.5 0
0.501746 0.173443 9.09916
0.501773 0.5 0
0.502734 0.321854 20.0378
0.505145 0.5 0
0.505267 0.5 0
0.502965 0.5 0
0.503198 0.53335 42.1801
0.504065 0.5 0
0.504844 0.72831 30.1989
0.501645 0.687718 21.3207
0.499061 0.221882 6.22194
0.50281 0.5 0
0.508034 0.5 0
0.502656 0.370205 120.18
0.502856 0.409221 37.0469
0.503477 0.5 0
0.506317 0.406356 75.723
0.503296 0.622082 17.4915
0.503284 0.68335 65.0113
0.50335 0.5 0
0.503994 0.617703 30.2491
0.50479 0.5 0
0.50088 0.349098 32.4478
0.507918 0.548462 72.1092
0.504313 0.469363 40.4465
0.500891 0.355149 20.3411
0.505057 0.398195 83.6219
0.504764 0.5 0
0.501725 0.498001 48.6699
0.502909 0.5 0
0.502359 0.5 0
0.500996 0.5 0
0.505406 0.5 0
0.50167 0.34221 24.2943
0.503912 0.5 0
0.50412 0.619976 61.2127
0.501168 0.318453 24.1363
0.506156 0.5 0
0.506818 0.583047 120.712
0.507494 0.5 0
0.5032 0.5 0
0.505814 0.236891 7.64207
0.50268 0.5 0
0.503927 0.5 0
0.509088 0.501785 46.2517
0.500613 0.229068 8.42111
0.502722 0.406247 61.1734
0.506753 0.870226 53.182
0.501197 0.5 0
0.499337 0.5 0
0.504244 0.5 0
0.503753 0.621746 118.79
0.504459 0.715289 80.6178
0.502023 0.305757 45.5012
0.501226 0.320434 29.8856
0.505626 0.5 0
0.503391 0.5 0
0.504087 0.602659 104.229
0.505508 0.5 0
0.501545 0.5 0
0.507376 0.559213 19.1387
0.501278 0.5 0
0.501292 0.5 0
0.504724 0.5 0
0.499781 0.189066 5.50907
0.506971 0.5 0
0.502209 0.5 0
0.507416 0.786664 44.4738
0.503044 0.5 0
0.502919 0.326126 17.5992
0.50203 0.5 0
0.504447 0.5 0
0.505614 0.81705 51.088
0.500686 0.5 0
0.503502 0.435514 51.0327
0.505474 0.392659 24.178
0.506669 0.666192 30.7819
0.506605 0.249972 7.09887
0.499456 0.5 0
0.501876 0.5 0
0.499805 0.5 0
0.502939 0.5 0
0.500205 0.5 0
0.4998 0.653878 24.3205
0.505309 0.5 0
0.503722 0.494194 84.696
0.50115 0.5 0
0.501076 0.394894 49.9609
0.501438 0.415864 84.2007
0.502239 0.5 0
0.507055 0.5 0
0.505159 0.350372 60.8044
0.506324 0.685815 69.4916
0.501377 0.424595 38.8368
0.504021 0.5 0
0.504944 0.505928 38.1618
0.499712 0.462651 18.2718
0.503708 0.5 0
0.502907 0.422113 41.7129
0.507637 0.5 0
0.501515 0.5 0
0.501525 0.662127 38.1822
0.500593 0.567571 20.6751
0.502386 0.5 0
0.502183 0.394547 82.693
0.504609 0.644139 58.7676
0.502161 0.5 0
0.505476 0.645137 62.8557
0.506324 0.258935 51.1517
0.503697 0.5 0
0.505298 0.5 0
0.501207 0.5 0
0.502576 0.415419 20.919
0.504942 0.514391 32.4465
0.49955 0.5 0
0.504383 0.272032 47.834
0.502983 0.663356 51.8127
0.498819 0.5 0
0.503654 0.612612 30.7547
0.499993 0.5 0
0.499686 0.329766 69.4096
0.49743 0.659192 66.8761
0.501897 0.5 0
0.506772 0.5 0
0.503191 0.5 0
0.50726 0.491579 70.3789
0.502733 0.5 0
0.500844 0.105825 3.71517
0.508024 0.5 0
0.506103 0.5 0
0.499522 0.5 0
0.503957 0.5 0
0.501664 0.5 0
0.509013 0.5 0
0.505996 0.5 0
0.49981 0.236359 24.5157
0.501207 0.395031 38.8802
0.50563 0.472046 42.6661
0.50328 0.50765 40.6543
0.504885 0.437371 50.0088
0.505311 0.390451 38.6976
0.508552 0.5 0
0.505456 0.5 0
0.504167 0.5 0
0.503328 0.5 0
0.502356 0.460259 50.5067
0.503932 0.5 0
0.505117 0.424916 39.4092
0.500751 0.5 0
0.503781 0.5 0
0.502528 0.5 0
0.501974 0.4009 45.2389
0.49746 0.373449 37.161
0.499642 0.5 0
0.503832 0.530127 71.2481
0.503621 0.5 0
0.500393 0.5 0
0.503137 0.290553 22.4014
0.500607 0.564424 21.1296
0.500797 0.366694 22.2629
0.503031 0.5 0
0.503542 0.429792 75.3139
0.500046 0.5 0
0.50283 0.314647 34.45
0.500499 0.5 0
0.505193 0.760599 113.322
0.499947 0.5 0
0.503376 0.5 0
0.50284 0.721099 41.2128
0.50151 0.5 0
0.505252 0.616593 37.7393
0.500868 0.5 0
0.503335 0.5 0
0.503505 0.434243 64.3011
0.505288 0.756881 29.1649
0.503205 0.592355 260.92
0.501358 0.5 0
0.501476 0.5 0
0.500456 0.672603 23.4872
0.503625 0.5 0
0.505969 0.547542 78.0079
0.505924 0.5 0
0.500651 0.441389 66.8923
0.500757 0.169114 26.9136
0.499244 0.5 0
0.50835 0.52706 98.8008
0.503094 0.552989 68.374
0.502648 0.35329 36.2517
0.499719 0.5 0
0.501581 0.41238 25.6668
0.505513 0.323151 19.7959
0.504154 0.663057 55.16
0.500758 0.395981 80.0344
0.505205 0.5 0
0.500582 0.526087 22.9464
0.500106 0.5 0
0.502467 0.5 0
0.500074 0.5 0
0.502719 0.425109 48.0889
0.505895 0.5 0
0.506511 0.19862 9.84486
0.503989 0.5 0
0.501984 0.526982 37.1032
0.507006 0.60319 194.802
0.503599 0.5 0
0.507132 0.49289 68.5414
0.501747 0.5 0
0.501587 0.5 0
0.504999 0.500953 106.169
0.506799 0.58557 10.4966
0.500236 0.468044 93.4054
0.507508 0.5 0
0.501281 0.5 0
0.502104 0.5 0
0.499178 0.482105 23.8775
0.507649 0.559491 47.8712
0.503146 0.5 0
0.500795 0.651517 36.9475
0.504007 0.5 0
0.50429 0.5 0
0.505448 0.365286 23.3965
0.50318 0.5 0
0.503377 0.5 0
0.505437 0.599654 12.8758
0.500734 0.5 0
0.501289 0.333912 46.3538
0.504777 0.387629 49.4263
0.500862 0.5 0
0.505031 0.444514 32.356
0.500289 0.242811 20.2192
0.503883 0.66936 29.4643
0.501212 0.5 0
0.506248 0.493192 68.1357
0.5023 0.5 0
0.500907 0.610698 342.64
0.501423 0.5 0
0.506647 0.538781 244.703
0.502399 0.448837 61.2646
0.502974 0.5 0
0.502329 0.5 0
0.504909 0.401256 71.1067
0.501789 0.769032 56.4961
0.501803 0.276973 50.7776
0.503146 0.25796 35.8811
0.504034 0.5 0
0.505516 0.45967 26.5895
0.504275 0.5 0
0.499013 0.5 0
0.507562 0.296897 66.6464
0.507501 0.329123 57.5115
0.501565 0.5 0
0.503661 0.5 0
0.505577 0.5 0
0.504151 0.5 0
0.500795 0.270167 24.4754
0.502596 0.389713 41.4194
0.503638 0.550698 20.631
0.505289 0.70793 41.6547
0.505834 0.52417 123.378
0.502954 0.5 0
0.500371 0.5 0
0.502207 0.5 0
0.5012 0.5 0
0.502297 0.5 0
0.506266 0.5 0
0.502492 0.5 0
0.501562 0.5 0
0.500619 0.497802 36.3027
0.503605 0.5 0
0.496385 0.5 0
0.504327 0.5 0
0.501809 0.5 0
0.501357 0.560915 72.3239
0.502129 0.423687 66.8208
0.503456 0.5 0
0.502745 0.619417 64.61
0.50268 0.478333 69.3062
0.505758 0.377608 33.4722
0.506513 0.628478 78.3765
0.502937 0.5 0
0.508046 0.325684 45.9144
0.502432 0.5 0
0.503493 0.5 0
0.502844 0.5 0
0.503379 0.719744 34.0513
0.502675 0.5 0
0.504582 0.5 0
0.500821 0.5 0
0.502105 0.370968 19.0806
0.501273 0.5 0
0.507531 0.452684 59.986
0.500291 0.434724 28.1975
0.506638 0.5 0
0.502375 0.401969 13.08
0.502412 0.618272 55.9055
0.500159 0.310796 27.1431
0.503669 0.5 0
0.500514 0.271411 73.5432
0.500819 0.5 0
0.501437 0.447326 32.3576
0.502295 0.5 0
0.502404 0.612955 40.2458
0.502973 0.5 0
0.502859 0.5 0
0.49977 0.5 0
0.50191 0.351375 78.5539
0.501908 0.5 0
0.503983 0.485222 124.661
0.501361 0.273048 25.5362
0.500195 0.680485 22.8797
0.505148 0.5 0
0.503385 0.587082 54.953
0.5048 0.5 0
0.507017 0.526896 52.2186
0.504412 0.5 0
0.501145 0.399637 59.6222
0.502738 0.5 0
0.501244 0.5 0
0.504722 0.5 0
0.50505 0.628246 28.6549
0.504938 0.413261 42.3312
0.50528 0.5 0
0.503347 0.5 0
0.501269 0.5 0
0.504449 0.716562 53.2709
0.502806 0.495863 59.211
0.501415 0.5 0
0.499867 0.5 0
0.505963 0.329738 20.2558
0.501383 0.5 0
0.496321 0.5 0
0.503262 0.5 0
0.501487 0.48345 48.586
0.504596 0.5 0
0.501817 0.5 0
0.505773 0.5 0
0.506623 0.5 0
0.496327 0.5 0
0.501602 0.623866 21.0787
0.506183 0.5 0
0.505579 0.718548 49.4291
0.501731 0.5 0
0.507144 0.5 0
0.5006 0.354539 28.8755
0.502527 0.558895 24.627
0.505522 0.592324 96.6713
0.502929 0.532517 46.5668
0.500522 0.5 0
0.502145 0.5 0
0.502573 0.5 0
0.500606 0.517731 54.0958
0.500595 0.5 0
0.501823 0.5 0
0.503613 0.5 0
0.505529 0.5 0
0.500573 0.5 0
0.501336 0.5 0
0.500702 0.5 0
0.506275 0.5 0
0.500233 0.454703 64.9181
0.504609 0.5 0
0.503013 0.5 0
0.503528 0.5 0
0.50336 0.5181 76.4744
0.501961 0.447296 36.961
0.499492 0.231364 27.0869
0.501175 0.5 0
0.500293 0.5 0
0.500798 0.5 0
0.504589 0.577934 82.7392
0.505735 0.5 0
0.500656 0.5 0
0.503658 0.584765 158.795
0.501071 0.543391 20.2521
0.504429 0.677494 84.6035
0.500656 0.5 0
0.50427 0.5 0
0.500072 0.5 0
0.504172 0.502381 51.4053
0.503216 0.5 0
0.501213 0.289833 36.5734
0.502089 0.5 0
0.505783 0.52554 77.158
0.501798 0.203919 5.99324
0.501682 0.470559 47.4263
0.50089 0.5 0
0.504401 0.5 0
0.500202 0.5 0
0.501421 0.5 0
0.506116 0.5 0
0.505151 0.426909 41.5838
0.502437 0.5 0
0.503085 0.411467 38.6253
0.500661 0.338875 25.1738
0.50171 0.5 0
0.500332 0.5 0
0.506232 0.5 0
0.504561 0.37129 66.4436
0.501175 0.31545 64.3256
0.504024 0.460834 80.2937
0.505837 0.673124 38.2802
0.502547 0.5 0
0.504729 0.5 0
0.502898 0.5 0
0.501234 0.264863 55.2625
0.505309 0.370756 25.9686
0.500713 0.5 0
0.506904 0.319195 130.261
0.506354 0.5 0
0.504346 0.574308 33.8733
0.505615 0.622328 57.753
0.503148 0.55185 395.851
0.500466 0.5 0
0.506747 0.41761 70.3337
0.502075 0.5 0
0.502126 0.45973 24.5519
0.500886 0.5 0
0.501773 0.376451 24.5565
0.499491 0.227219 5.66302
0.503085 0.316805 37.8029
0.502222 0.532733 51.5948
0.500944 0.5 0
0.501784 0.5 0
0.502797 0.5 0
0.503384 0.5 0
0.501586 0.5 0
0.501312 0.5 0
0.505995 0.5 0
0.500262 0.5 0
0.504378 0.5 0
0.499742 0.5 0
0.499452 0.5 0
0.503462 0.5 0
0.506127 0.5 0
0.503345 0.5 0
0.499844 0.5 0
0.502203 0.5 0
0.507177 0.57933 58.1329
0.508701 0.584588 46.1705
0.503664 0.440148 36.6665
0.502663 0.383277 95.9968
0.504894 0.477277 147.298
0.500675 0.518862 42.1922
0.50213 0.267727 30.8693
0.50101 0.22336 3.43185
0.504979 0.5 0
0.501195 0.56367 162.801
0.499497 0.36973 44.3149
0.503627 0.623991 34.8959
0.505904 0.5 0
0.503005 0.5 0
0.503497 0.637654 56.8256
0.501564 0.5 0
0.504226 0.426075 31.381
0.503456 0.612927 28.6209
0.503954 0.591911 378.811
0.500377 0.403703 36.4328
0.501535 0.5 0
0.500173 0.589785 17.667
0.502433 0.5 0
0.504052 0.623413 131.835
0.499485 0.467204 105.197
0.505624 0.696233 38.9751
0.505735 0.332507 53.9831
0.506769 0.5 0
0.499934 0.627434 31.3126
0.502519 0.443549 27.2557
0.499957 0.475181 20.0176
0.507075 0.5 0
0.502603 0.5 0
0.502687 0.5 0
0.503156 0.579575 23.4251
0.503216 0.5 0
0.503899 0.442931 63.464
0.501437 0.5 0
0.503024 0.66408 23.7419
0.505569 0.381789 34.4066
0.502957 0.5 0
0.504432 0.365808 21.9857
0.50346 0.5 0
0.50066 0.721568 29.5358
0.503646 0.5 0
0.506427 0.5 0
0.506244 0.517401 71.5791
0.502934 0.400422 46.7145
0.501283 0.42045 28.9931
0.503005 0.5 0
0.500057 0.297368 24.4629
0.504707 0.5 0
0.50288 0.483339 133.286
0.503402 0.5 0
0.507301 0.5 0
0.501462 0.656659 35.6063
0.504489 0.5 0
0.505963 0.497552 97.5085
0.502104 0.407832 23.6476
0.499336 0.613213 20.8615
0.500012 0.312236 50.726
0.501522 0.446083 64.2985
0.504304 0.799372 55.5728
0.499823 0.404464 60.9392
0.506489 0.5 0
0.503832 0.456712 45.0353
0.506113 0.5 0
0.507964 0.5 0
0.502412 0.5 0
0.503127 0.397553 44.5619
0.499702 0.416132 22.0753
0.508142 0.602972 118.866
0.499795 0.5 0
0.501684 0.370263 107.201
0.501163 0.330296 48.0559
0.503907 0.565131 52.0099
0.504369 0.385091 25.1341
0.505312 0.5 0
0.501638 0.5 0
0.502371 0.5 0
0.500934 0.321571 21.1935
0.501368 0.410343 56.1817
0.499661 0.5 0
0.504714 0.5 0
0.501832 0.531992 22.1409
0.503052 0.5 0
0.50235 0.5 0
0.507628 0.181794 4.80794
0.501358 0.567978 30.6567
0.502709 0.5 0
0.499707 0.457128 77.9071
0.499943 0.5 0
0.501918 0.185416 6.31028
0.503093 0.38888 75.163
0.503448 0.364887 80.6059
0.500539 0.529405 57.1247
0.501283 0.336716 22.8247
0.505295 0.5 0
0.504311 0.5 0
0.501686 0.392591 64.2009
0.505833 0.307177 93.6551
0.500672 0.385739 41.3266
0.504255 0.5 0
0.500558 0.5 0
0.500314 0.467824 46.7832
0.502439 0.5 0
0.50231 0.392066 60.5088
0.503221 0.5 0
0.49864 0.5 0
0.50578 0.457156 50.4944
0.501919 0.5 0
0.501194 0.5 0
0.506393 0.5 0
0.505263 0.334183 55.4298
0.50267 0.402458 25.5652
0.499507 0.653031 21.4117
0.503492 0.5 0
0.500331 0.5 0
0.503362 0.582188 27.3204
0.504983 0.579041 105.629
0.504221 0.5 0
0.503097 0.5 0
0.500548 0.5 0
0.501887 0.572508 38.9878
0.499307 0.5 0
0.503054 0.557571 28.5271
0.503308 0.5 0
0.499976 0.354319 23.8581
0.508424 0.449128 38.078
0.501519 0.535014 66.4152
0.501544 0.5 0
0.498938 0.404431 23.3737
0.502877 0.701755 31.3566
0.500799 0.146492 3.59275
0.499916 0.5 0
0.50633 0.5 0
0.501931 0.567862 46.2983
0.501415 0.5 0
0.504114 0.468437 123.494
0.505066 0.5 0
0.502335 0.390769 66.2898
0.503773 0.648182 60.9346
0.505545 0.523304 72.449
0.50122 0.5 0
0.503386 0.372864 31.504
0.505833 0.388359 79.012
0.5044 0.5 0
0.506867 0.5 0
0.500673 0.652331 10.5017
