10 10
0.914062 0.9375 0.90625 0.679688 0.710938 0.84375 0.960938 0.851562 0.75 0.476562 
0.921875 0.96875 0.8125 0.703125 0.765625 0.664062 0.882812 0.90625 0.765625 0.539062 
0.953125 0.96875 0.84375 0.695312 0.71875 0.890625 0.945312 0.898438 0.796875 0.601562 
0.90625 0.953125 0.8125 0.578125 0.5625 0.867188 0.9375 0.820312 0.664062 0.6875 
0.914062 0.9375 0.835938 0.65625 0.726562 0.8125 0.914062 0.851562 0.804688 0.585938 
0.929688 0.929688 0.796875 0.539062 0.65625 0.867188 0.898438 0.765625 0.671875 0.609375 
0.898438 0.898438 0.765625 0.601562 0.632812 0.742188 0.90625 0.757812 0.65625 0.546875 
0.898438 0.945312 0.835938 0.398438 0.648438 0.734375 0.84375 0.71875 0.453125 0.65625 
0.945312 0.835938 0.867188 0.484375 0.445312 0.835938 0.851562 0.640625 0.757812 0.492188 
0.929688 0.914062 0.851562 0.484375 0.429688 0.804688 0.898438 0.632812 0.65625 0.648438 
