10
20
78 75 29 64 60 98 79 28 46 16 86 20 30 65 91 0 45 13 4 19 
1 0.954545 21 1 22 

21 98 67 45 62 4 90 65 70 87 35 23 93 22 42 27 71 68 43 39 
2 0.95 19 1 20 

84 72 96 65 55 64 87 63 11 97 47 36 89 27 5 58 29 91 2 18 
3 0.933333 28 2 30 

8 88 81 21 42 4 93 49 52 58 91 38 59 39 12 92 34 77 16 43 
4 0.928571 39 3 42 

98 44 69 10 4 28 93 92 97 37 58 65 31 95 20 54 18 25 42 81 
5 0.909091 40 4 44 

4 73 74 58 0 46 94 86 61 62 41 85 40 55 20 13 95 8 72 2 
6 0.90625 29 3 32 

10 99 65 93 59 84 31 37 42 95 49 45 61 20 73 2 29 46 48 3 
7 0.90625 29 3 32 

89 91 0 71 1 45 12 19 47 28 93 27 86 65 21 53 3 68 95 51 
8 0.9 36 4 40 

23 86 44 40 8 64 16 13 73 0 91 18 49 38 99 92 87 93 4 30 
9 0.888889 32 4 36 

40 87 67 14 6 80 69 65 75 72 92 29 10 38 58 48 46 49 16 36 
10 0.886364 39 5 44 

