135
20
3 15 17 21 26 28 30 31 33 38 39 53 58 65 73 82 83 85 86 90 
1 0.511364 22 21 44 

1 4 7 11 16 17 20 22 31 34 40 48 50 57 66 74 88 90 91 92 
2 0.409091 18 26 44 

1 4 21 22 26 27 32 33 35 44 45 47 54 62 63 68 83 87 88 98 
3 0.291667 14 34 48 

0 2 6 10 11 18 32 33 37 42 48 50 57 64 68 70 71 72 73 78 
4 0.307692 16 36 52 

9 12 19 23 29 36 41 46 49 51 61 67 69 77 79 89 93 95 96 97 
5 0.354167 17 31 48 

11 22 26 36 40 41 42 43 47 49 64 65 68 69 71 82 84 91 92 96 
6 0.640625 41 23 64 

2 3 5 20 25 26 27 34 38 39 42 43 48 57 65 68 73 74 84 91 
7 0.40625 26 38 64 

1 7 19 28 38 44 50 51 53 54 58 59 60 65 76 84 90 91 93 99 
8 0.610294 41 26 68 

0 4 6 10 13 14 15 21 22 24 39 43 44 48 50 52 54 60 66 80 
9 0.361111 26 46 72 

3 11 16 17 26 28 30 31 34 38 39 40 48 50 53 73 82 88 90 92 
10 0.388158 29 46 76 

12 18 19 35 46 51 55 56 61 62 63 67 75 77 79 81 85 93 95 97 
11 0.477273 21 23 44 

12 18 19 35 46 51 55 56 61 62 63 67 75 77 78 79 81 85 93 97 
12 0.340909 15 29 44 

0 4 8 10 17 24 27 31 45 52 55 56 59 60 65 83 86 87 94 99 
13 0.443182 39 49 88 

3 5 11 22 25 26 34 36 39 42 43 57 65 68 69 73 74 84 91 96 
14 0.458333 33 39 72 

19 28 35 38 53 55 60 61 63 67 75 76 77 79 81 85 91 93 95 99 
15 0.409091 18 26 44 

1 7 8 12 19 44 46 50 51 54 56 58 59 62 65 67 76 84 93 97 
16 0.465909 20 23 44 

5 9 13 14 23 25 29 37 41 47 49 58 64 65 75 89 92 94 95 98 
17 0.442308 23 29 52 

3 7 15 17 26 27 28 30 43 45 50 54 58 70 72 75 81 86 90 92 
18 0.490741 53 55 108 

8 12 19 35 46 55 56 61 62 63 67 69 76 77 79 81 85 93 95 97 
19 0.425 17 23 40 

5 8 13 25 29 49 55 56 59 65 67 75 76 79 80 81 89 94 95 97 
20 0.679245 70 32 106 

1 7 19 28 38 44 50 51 53 54 58 59 60 65 67 76 84 91 93 99 
21 0.479167 45 49 96 

1 4 7 15 17 20 21 22 31 33 57 58 65 66 74 83 85 86 90 91 
22 0.480769 62 67 130 

8 9 23 29 37 41 47 49 58 64 67 70 71 80 89 92 94 95 96 98 
23 0.478261 44 48 92 

5 6 16 18 32 36 37 40 49 51 58 64 65 69 72 78 82 87 92 96 
24 0.569444 41 31 72 

2 14 16 20 32 36 37 40 49 58 64 65 69 70 78 82 87 92 96 98 
25 0.589744 46 32 78 

8 14 25 29 36 37 49 58 64 65 69 70 71 72 80 87 89 92 96 98 
26 0.511111 46 44 90 

0 10 15 18 24 30 32 45 51 52 53 55 58 60 62 75 78 83 92 99 
27 0.383333 23 37 60 

8 13 14 23 25 29 35 36 49 64 67 70 75 76 79 81 87 89 94 95 
28 0.356061 23 42 66 

8 9 14 25 29 36 37 49 55 56 58 65 69 71 72 78 80 89 92 98 
29 0.439394 29 37 66 

2 20 26 27 38 40 41 42 43 47 48 49 64 65 68 71 82 84 91 92 
30 0.487342 77 81 158 

5 8 13 25 29 49 56 59 65 67 75 76 79 80 81 87 89 94 95 97 
31 0.492063 60 62 126 

5 6 10 11 15 18 19 20 21 32 40 51 58 62 65 66 74 78 85 92 
32 0.409091 27 39 66 

5 14 16 29 36 37 49 58 59 64 65 69 70 72 80 87 89 92 96 98 
33 0.496094 63 64 128 

8 9 13 14 23 25 29 35 36 49 55 56 67 75 76 79 81 89 94 95 
34 0.494624 89 91 186 

8 13 14 23 25 29 37 41 49 58 59 64 65 67 76 89 92 94 95 98 
35 0.490625 76 79 160 

3 7 11 12 16 18 20 33 34 38 40 44 56 58 65 75 83 86 92 97 
36 0.594444 53 36 90 

3 6 10 11 12 15 18 19 20 32 40 58 62 65 66 74 78 82 86 92 
37 0.504902 51 50 102 

0 1 4 7 13 15 24 28 33 38 51 52 54 56 57 58 75 77 91 92 
38 0.316667 19 41 60 

3 10 11 12 16 18 19 20 40 44 58 62 65 66 74 78 83 86 92 97 
39 0.410256 32 46 78 

3 11 12 16 18 34 38 44 47 51 52 53 57 58 83 86 91 92 97 99 
40 0.5 46 46 92 

3 7 11 12 18 33 34 38 40 44 53 56 57 58 60 61 75 83 86 92 
41 0.514151 54 51 106 

3 10 11 12 22 27 30 34 38 55 56 58 59 63 81 84 86 88 92 93 
42 0.475 38 42 80 

2 5 16 18 32 36 37 40 49 58 64 65 69 70 72 78 82 87 92 96 
43 0.505495 92 90 182 

10 12 13 27 38 39 41 45 47 50 58 60 63 68 81 85 88 92 93 95 
44 0.4125 33 47 80 

3 6 7 11 12 15 18 20 32 33 34 38 40 56 58 65 75 82 86 92 
45 0.642857 81 45 126 

3 10 12 13 27 38 39 41 45 47 50 58 60 63 81 85 88 92 93 95 
46 0.682692 71 33 104 

3 10 11 12 18 21 22 34 38 45 47 55 58 63 81 84 86 88 92 93 
47 0.534722 77 67 144 

3 6 7 11 12 15 18 20 32 33 34 38 40 50 56 58 65 82 86 92 
48 0.509615 53 51 104 

1 5 9 10 12 13 17 27 31 39 41 42 50 62 66 81 85 90 91 95 
49 0.15 12 68 80 

3 10 11 12 21 38 45 47 50 55 58 63 65 81 84 86 88 92 93 99 
50 0.579545 51 37 88 

3 6 10 11 12 15 18 22 27 32 34 38 45 58 63 84 86 88 92 93 
51 0.409091 36 52 88 

3 12 18 20 27 34 38 39 40 45 50 58 60 63 81 85 88 92 93 95 
52 0.545455 48 40 88 

3 7 10 11 12 13 22 33 38 41 47 50 55 56 58 62 81 82 86 92 
53 0.511364 45 43 88 

0 3 10 12 13 27 38 39 41 45 50 58 60 62 81 85 88 92 93 95 
54 0.65 52 28 80 

0 13 19 21 28 30 39 43 50 52 54 58 59 60 62 67 68 73 74 94 
55 0.075 6 74 80 

6 14 16 20 32 36 37 40 49 51 58 64 65 69 78 82 87 92 96 98 
56 0.482517 138 148 286 

2 14 19 32 37 40 49 55 56 62 65 69 75 76 78 82 87 96 97 98 
57 0.25 22 66 88 

8 12 20 35 36 46 58 61 63 64 67 70 72 77 79 81 85 92 93 95 
58 0.409091 36 52 88 

8 11 12 18 19 44 46 56 58 60 61 62 67 75 76 81 85 92 93 97 
59 0.426136 37 50 88 

3 7 12 33 34 35 38 40 53 55 56 61 63 75 77 79 83 86 95 97 
60 0.170455 15 73 88 

8 11 12 29 37 40 49 56 58 64 65 69 70 71 83 86 87 89 92 98 
61 0.609091 67 43 110 

3 7 14 18 25 33 34 36 38 44 53 58 60 61 72 75 78 80 92 97 
62 0.309091 34 76 110 

3 6 10 11 21 29 34 36 37 45 58 64 65 69 71 84 87 92 93 98 
63 0.445455 49 61 110 

8 12 14 15 18 25 32 38 49 58 63 65 70 72 78 80 86 88 89 92 
64 0.590909 65 45 110 

2 14 20 32 36 37 40 41 49 58 64 65 69 70 78 82 87 92 96 98 
65 0.39 39 61 100 

4 10 13 15 16 23 24 26 27 41 50 51 57 58 65 66 88 92 93 99 
66 0.43 43 57 100 

2 14 20 32 36 37 40 49 58 64 65 69 70 72 78 82 87 92 96 98 
67 0.470443 191 215 406 

3 10 12 13 27 38 39 41 45 48 50 58 60 62 63 81 88 92 93 95 
68 0.63 63 37 100 

5 10 13 15 16 18 23 27 38 39 48 50 58 65 66 74 81 83 92 93 
69 0.34 34 66 100 

3 10 11 12 16 19 20 38 44 48 58 62 65 66 74 78 83 86 92 97 
70 0.59 59 41 100 

6 14 16 20 32 36 37 38 40 49 58 64 65 69 78 82 87 92 96 98 
71 0.474138 110 122 232 

3 8 12 16 18 19 44 46 55 61 62 63 74 76 77 79 85 86 93 97 
72 0.172727 18 90 110 

10 11 12 19 20 35 38 56 58 62 65 66 67 75 78 81 83 92 95 97 
73 0.736364 81 29 110 

3 10 12 13 27 38 39 41 45 50 58 60 62 63 66 81 85 88 93 95 
74 0.49 49 51 100 

3 10 12 15 16 18 23 27 38 48 50 58 65 66 74 81 83 91 92 93 
75 0.56 56 44 100 

3 7 11 12 18 33 34 38 40 44 53 56 58 60 61 66 75 83 86 97 
76 0.28 28 72 100 

3 7 11 12 18 33 34 38 40 44 53 56 58 60 61 75 83 86 92 97 
77 0.475225 211 233 444 

3 10 11 12 13 15 22 27 38 45 48 50 58 63 65 66 81 91 92 99 
78 0.627273 69 41 110 

3 10 12 18 23 27 38 41 47 50 55 57 58 74 81 84 86 88 92 93 
79 0.336364 37 73 110 

3 7 11 12 14 18 20 22 25 33 49 55 58 64 72 78 80 82 86 92 
80 0.281818 31 79 110 

8 29 34 36 37 38 40 47 50 56 58 65 69 70 71 81 87 89 92 98 
81 0.527273 58 52 110 

3 7 11 12 18 19 20 33 38 55 56 58 65 66 74 78 81 86 92 97 
82 0.651515 86 46 132 

3 10 11 12 16 18 20 22 34 38 40 44 47 50 58 62 82 83 86 92 
83 0.367424 48 83 132 

3 10 11 12 22 27 38 45 47 50 55 58 63 81 84 86 88 92 93 99 
84 0.479508 234 254 488 

8 12 19 35 46 48 55 56 61 62 63 75 76 77 79 81 85 93 95 97 
85 0.2875 33 84 120 

8 14 25 29 36 37 49 58 64 65 69 70 71 72 78 80 87 89 92 98 
86 0.485495 284 301 586 

3 6 10 11 12 15 18 21 32 34 38 45 63 65 84 86 88 91 92 93 
87 0.4 48 72 120 

3 10 11 12 15 16 18 32 38 44 58 65 66 78 83 86 88 92 93 97 
88 0.431818 57 75 132 

3 6 10 11 12 18 19 20 21 34 38 45 58 62 63 65 74 84 86 92 
89 0.55303 73 59 132 

4 10 13 15 23 24 26 27 39 41 48 50 51 58 59 65 66 67 91 92 
90 0.325 39 81 120 

3 7 11 12 13 18 20 33 34 38 40 47 50 55 56 58 81 82 86 92 
91 0.504167 60 59 120 

3 10 11 12 13 16 18 19 20 38 44 58 62 65 66 78 83 86 92 97 
92 0.441667 53 67 120 

3 10 12 13 27 38 39 41 45 50 60 62 63 81 85 88 91 92 93 95 
93 0.391667 47 73 120 

4 5 10 13 15 17 23 26 42 48 51 57 58 65 66 90 91 92 94 99 
94 0.325 39 81 120 

8 10 11 12 19 25 29 36 38 44 58 65 69 71 72 78 83 89 91 92 
95 0.477273 63 69 132 

3 16 18 20 37 49 58 62 64 65 66 70 74 78 80 86 87 92 97 98 
96 0.454545 60 72 132 

1 9 10 13 15 23 27 31 38 43 48 50 54 58 65 66 67 74 91 92 
97 0.308333 37 83 120 

8 25 29 36 37 49 58 64 66 69 70 71 72 78 80 87 89 91 92 98 
98 0.475 57 63 120 

8 12 19 35 46 55 56 61 62 63 67 75 76 77 79 81 85 93 95 97 
99 0.483209 385 412 804 

3 10 12 13 15 16 18 23 27 38 48 50 58 65 66 74 81 83 91 93 
100 0.616667 74 46 120 

3 10 12 13 27 38 39 41 45 50 58 60 62 63 81 85 88 92 93 95 
101 0.616564 402 250 652 

3 7 11 12 18 20 22 33 34 38 40 47 50 55 56 58 81 82 86 92 
102 0.521277 343 315 658 

3 10 12 13 15 18 23 27 38 48 50 51 57 58 65 66 74 81 91 92 
103 0.558442 86 68 154 

3 10 13 15 23 27 38 39 41 48 50 57 58 65 66 74 81 83 91 92 
104 0.461039 71 83 154 

3 10 13 27 38 39 41 45 50 58 60 62 63 65 81 85 88 92 93 95 
105 0.625 110 66 176 

10 13 18 20 27 33 38 40 48 50 51 57 58 65 66 67 81 82 91 92 
106 0.480519 74 80 154 

3 4 7 11 12 15 22 23 26 34 41 47 50 55 56 58 65 81 86 92 
107 0.428571 66 88 154 

3 6 10 11 12 13 15 18 23 32 34 38 57 58 65 74 86 91 92 93 
108 0.551948 85 69 154 

3 10 12 15 18 21 27 38 41 45 48 50 58 63 65 66 81 84 88 92 
109 0.461039 71 83 154 

3 10 13 15 23 27 38 39 41 48 50 51 57 58 65 66 67 81 91 92 
110 0.558442 86 68 154 

4 10 13 15 23 26 27 38 48 50 51 57 58 65 66 74 81 83 91 92 
111 0.428571 66 88 154 

8 13 25 29 36 37 49 58 64 65 69 71 72 78 80 87 89 91 92 98 
112 0.385714 54 86 140 

3 10 13 15 18 23 27 38 48 50 51 57 58 65 66 74 81 83 91 92 
113 0.480519 74 80 154 

3 10 12 13 15 23 27 38 39 41 48 50 57 58 65 66 74 81 91 92 
114 0.538961 83 71 154 

10 11 12 27 37 38 49 50 58 64 65 69 70 72 78 84 91 92 98 99 
115 0.474026 73 81 154 

3 8 22 25 29 36 45 47 55 58 63 71 80 81 86 87 89 91 92 93 
116 0.311688 48 106 154 

3 6 7 11 12 18 20 32 34 38 50 55 58 65 81 82 84 86 92 93 
117 0.467532 72 82 154 

3 10 11 12 15 18 21 22 33 34 40 45 47 56 58 63 65 86 88 92 
118 0.396104 61 93 154 

8 25 29 36 37 49 58 64 65 69 70 71 72 78 80 87 89 91 95 98 
119 0.364286 51 89 140 

3 12 13 15 18 23 27 38 39 41 48 50 57 58 65 66 74 81 91 92 
120 0.514286 72 68 140 

3 10 11 12 18 22 27 33 38 47 50 55 58 63 81 84 86 92 93 99 
121 0.402597 62 92 154 

3 7 11 12 20 22 34 40 45 47 50 55 56 58 65 81 82 86 91 92 
122 0.487013 75 79 154 

8 25 29 36 37 49 58 64 65 69 70 71 72 78 80 87 89 91 92 98 
123 0.465461 283 325 608 

3 4 12 13 15 23 27 33 34 38 40 41 48 50 55 58 65 67 81 92 
124 0.653409 115 61 176 

7 10 11 18 20 22 26 47 50 51 56 57 58 65 66 81 82 86 91 92 
125 0.289773 51 125 176 

3 10 27 38 39 41 45 50 58 60 62 63 65 66 81 85 88 92 93 95 
126 0.605769 378 246 624 

3 10 11 12 16 18 19 20 38 44 58 62 65 66 74 78 83 86 92 97 
127 0.547638 672 555 1228 

3 10 12 13 15 16 18 23 27 38 48 50 58 65 66 74 81 83 92 93 
128 0.609459 676 433 1110 

3 10 11 12 22 27 38 45 47 50 55 58 63 81 84 86 91 92 93 99 
129 0.454861 393 471 864 

4 10 13 15 23 26 27 38 41 48 50 51 57 58 65 66 67 81 91 92 
130 0.506298 522 509 1032 

3 10 12 13 15 18 23 27 38 41 48 50 57 58 65 66 74 81 91 92 
131 0.614618 740 464 1204 

3 10 13 15 23 27 38 39 48 50 51 57 58 65 66 74 81 83 91 92 
132 0.520101 414 382 796 

3 7 11 12 18 20 22 33 34 40 47 50 55 56 58 65 81 82 86 92 
133 0.504505 336 330 666 

3 6 10 11 12 15 18 21 32 34 38 45 58 63 65 84 86 88 92 93 
134 0.559122 662 522 1184 

0 5 10 13 16 28 38 39 41 51 58 59 60 62 65 66 68 85 92 95 
135 0.508065 189 183 372 

