10
20
65 5 14 50 4 89 87 47 18 13 2 56 34 70 51 74 77 21 23 20 
50 0.791667 38 10 48 

47 6 65 97 54 89 13 36 49 40 35 73 95 15 48 86 79 45 93 76 
150 0.7 21 9 30 

0 22 56 61 33 20 74 29 53 81 44 49 17 54 57 15 73 19 58 23 
250 0.631579 24 14 38 

45 60 59 19 22 12 49 43 18 52 69 0 26 75 20 30 67 14 32 38 
350 0.576923 30 22 52 

60 44 6 29 40 32 68 17 42 4 78 91 86 93 18 69 34 67 2 62 
450 0.527778 19 17 36 

50 59 78 67 56 23 96 74 0 98 36 62 48 61 40 1 55 71 43 51 
550 0.475 19 21 40 

9 26 74 6 79 56 14 87 99 97 70 66 90 48 52 44 2 67 4 57 
650 0.423077 22 30 52 

78 27 21 44 48 29 97 63 52 87 84 81 42 10 9 37 56 8 72 31 
750 0.363636 16 28 44 

80 61 67 54 45 5 97 28 1 10 62 21 71 30 36 20 82 40 13 31 
850 0.3 12 28 40 

61 35 72 15 49 52 88 5 96 69 6 23 45 32 71 0 70 75 2 87 
950 0.214286 6 22 28 

