1000
20
78 75 29 64 60 98 79 28 46 16 86 20 30 65 91 0 45 13 4 19 
1 0.954545 21 1 22 

21 98 67 45 62 4 90 65 70 87 35 23 93 22 42 27 71 68 43 39 
2 0.95 19 1 20 

84 72 96 65 55 64 87 63 11 97 47 36 89 27 5 58 29 91 2 18 
3 0.933333 28 2 30 

8 88 81 21 42 4 93 49 52 58 91 38 59 39 12 92 34 77 16 43 
4 0.928571 39 3 42 

98 44 69 10 4 28 93 92 97 37 58 65 31 95 20 54 18 25 42 81 
5 0.909091 40 4 44 

4 73 74 58 0 46 94 86 61 62 41 85 40 55 20 13 95 8 72 2 
6 0.90625 29 3 32 

10 99 65 93 59 84 31 37 42 95 49 45 61 20 73 2 29 46 48 3 
7 0.90625 29 3 32 

89 91 0 71 1 45 12 19 47 28 93 27 86 65 21 53 3 68 95 51 
8 0.9 36 4 40 

23 86 44 40 8 64 16 13 73 0 91 18 49 38 99 92 87 93 4 30 
9 0.888889 32 4 36 

40 87 67 14 6 80 69 65 75 72 92 29 10 38 58 48 46 49 16 36 
10 0.886364 39 5 44 

29 11 46 66 22 58 60 40 43 2 63 14 93 70 80 56 72 25 95 34 
11 0.882353 30 4 34 

91 95 47 45 12 22 66 44 98 83 92 23 20 0 82 34 69 58 81 27 
12 0.866667 26 4 30 

93 18 71 60 68 53 31 9 99 26 98 15 63 11 22 4 21 59 58 92 
13 0.861111 31 5 36 

60 37 36 59 93 68 90 64 84 54 91 58 66 56 63 55 65 51 18 27 
14 0.861111 31 5 36 

82 77 81 39 99 86 47 65 69 58 59 43 95 41 98 66 75 87 2 89 
15 0.857143 48 8 56 

55 58 12 42 57 52 29 38 64 70 1 3 91 88 34 92 65 53 74 89 
16 0.854167 41 7 48 

75 44 71 73 47 68 56 74 12 94 89 6 4 97 40 65 14 8 3 58 
17 0.854167 41 7 48 

70 63 8 15 21 55 14 38 23 92 83 93 95 35 50 56 10 40 2 75 
18 0.85 34 6 40 

67 78 62 91 31 58 12 53 98 65 46 21 57 69 61 56 96 85 27 39 
19 0.85 34 6 40 

75 52 84 22 51 58 6 29 80 79 78 27 83 59 74 65 15 68 73 37 
20 0.847826 39 7 46 

49 60 81 94 28 27 50 14 66 87 70 44 74 69 96 6 45 68 85 65 
21 0.84375 27 5 32 

83 55 96 95 10 49 52 57 97 22 78 65 4 1 51 19 8 81 60 6 
22 0.84375 27 5 32 

70 38 56 95 66 62 87 43 30 34 81 94 26 12 65 64 85 15 33 67 
23 0.84375 27 5 32 

81 92 18 63 2 87 29 71 8 60 41 32 14 83 79 52 91 44 48 65 
24 0.833333 30 6 36 

59 98 62 96 31 95 89 12 15 72 87 58 37 90 81 4 1 85 50 70 
25 0.833333 35 7 42 

40 14 45 10 82 9 19 37 81 65 84 72 35 50 56 18 98 58 34 51 
26 0.833333 25 5 30 

99 30 39 90 79 75 20 66 50 95 49 53 71 91 12 58 25 73 38 86 
27 0.833333 35 7 42 

74 52 89 22 55 86 92 18 95 25 61 77 53 27 71 12 93 43 58 41 
28 0.833333 25 5 30 

35 33 92 8 6 29 5 50 10 24 4 79 63 56 60 49 58 37 86 67 
29 0.833333 20 4 24 

68 98 3 0 61 59 89 23 51 22 82 49 92 38 6 42 12 10 99 13 
30 0.833333 40 8 48 

60 62 51 63 9 4 85 53 92 39 5 31 12 6 32 19 65 14 21 99 
31 0.833333 35 7 42 

77 46 43 7 24 12 2 83 40 71 73 58 96 54 36 65 70 89 29 22 
32 0.825 33 7 40 

60 25 86 93 95 72 13 64 16 44 21 2 9 57 77 96 70 75 58 41 
33 0.823529 28 6 34 

19 86 41 58 85 25 84 98 72 77 51 22 47 62 24 21 16 97 0 92 
34 0.823529 28 6 34 

94 42 15 34 56 72 5 11 8 1 86 62 24 92 18 4 14 95 19 68 
35 0.821429 23 5 28 

43 57 17 42 80 10 32 86 1 40 89 8 49 78 13 75 64 68 20 44 
36 0.82 41 9 50 

26 8 87 6 43 92 80 72 93 49 11 33 32 13 17 25 54 97 62 73 
37 0.814815 44 10 54 

39 3 78 76 33 19 95 22 58 98 89 45 5 54 75 38 21 4 80 23 
38 0.814516 50 11 62 

2 12 98 97 59 17 87 64 72 6 18 55 63 25 65 78 85 66 48 29 
39 0.8125 26 6 32 

92 74 41 46 10 87 35 13 61 86 73 62 95 24 90 75 54 76 49 81 
40 0.8125 26 6 32 

49 84 15 9 58 6 51 88 3 91 14 45 16 85 38 80 13 43 70 61 
41 0.8125 39 9 48 

82 41 27 8 2 20 78 58 89 61 19 52 94 12 1 44 11 65 84 16 
42 0.8125 26 6 32 

61 93 11 73 13 36 58 71 10 91 54 81 16 28 59 51 50 44 72 4 
43 0.8125 26 6 32 

65 5 74 98 63 6 33 25 45 18 50 39 61 47 26 93 17 97 2 95 
44 0.809524 34 8 42 

79 97 26 88 42 65 33 96 15 3 7 59 78 86 11 30 23 6 83 8 
45 0.807692 21 5 26 

56 65 28 52 94 58 98 2 69 22 20 21 93 15 78 47 9 97 59 36 
46 0.8 24 6 30 

17 66 27 31 32 62 21 80 58 25 96 68 33 51 65 84 48 79 43 77 
47 0.795455 35 9 44 

38 27 6 25 85 32 78 18 57 86 94 73 58 0 40 19 51 29 80 93 
48 0.795455 35 9 44 

89 59 52 64 29 4 87 54 63 73 0 40 74 12 86 65 3 72 69 56 
49 0.794118 27 7 34 

65 5 14 50 4 89 87 47 18 13 2 56 34 70 51 74 77 21 23 20 
50 0.791667 38 10 48 

45 64 10 80 8 94 96 93 41 2 38 20 66 28 26 42 86 11 77 5 
51 0.791667 38 10 48 

41 63 8 69 97 48 21 87 98 59 49 17 72 88 7 58 5 11 19 92 
52 0.789474 30 8 38 

57 58 63 80 19 8 68 92 82 22 49 99 16 48 89 50 23 31 81 44 
53 0.785714 33 9 42 

22 95 48 40 39 56 2 35 92 67 81 63 75 53 44 83 38 16 18 68 
54 0.785714 22 6 28 

67 76 86 95 55 99 78 52 79 85 6 1 13 69 9 56 47 21 87 10 
55 0.785714 33 9 42 

80 0 39 41 69 86 85 34 70 71 15 72 23 20 65 62 74 25 81 68 
56 0.783333 23 6 30 

89 4 34 51 39 63 73 85 0 13 10 59 35 67 65 88 20 87 92 74 
57 0.78125 25 7 32 

3 71 19 65 51 40 2 18 42 27 9 53 68 57 23 56 98 58 36 99 
58 0.78125 37 10 48 

5 90 77 37 58 4 75 70 27 57 39 19 68 65 97 1 21 7 34 33 
59 0.78125 25 7 32 

17 10 19 87 21 89 91 5 26 96 22 59 0 64 18 78 38 36 47 8 
60 0.78 39 11 50 

21 81 82 3 56 4 70 75 54 92 41 69 39 80 18 66 11 63 52 71 
61 0.777778 42 12 54 

6 91 24 64 66 5 89 46 45 16 76 19 92 68 69 93 44 3 55 10 
62 0.777778 28 8 36 

24 49 93 29 58 77 78 55 50 61 68 97 17 70 79 22 80 16 8 39 
63 0.772727 34 10 44 

58 54 24 92 81 45 56 65 50 41 51 62 12 57 60 48 88 28 73 20 
64 0.770833 37 11 48 

36 83 89 34 94 3 58 64 10 62 51 50 88 14 30 32 87 13 42 57 
65 0.77 38 11 50 

93 17 15 62 13 73 8 86 39 25 65 50 14 77 27 98 30 28 46 52 
66 0.767857 43 13 56 

67 92 52 39 17 53 75 13 79 49 15 46 81 94 33 58 45 21 95 5 
67 0.766667 23 7 30 

77 1 52 32 98 59 31 8 23 86 63 5 3 93 79 80 75 46 22 65 
68 0.764706 26 8 34 

98 89 59 53 74 77 69 1 70 91 87 16 11 92 78 99 23 48 20 39 
69 0.764706 26 8 34 

70 92 90 22 78 83 88 40 18 50 98 46 97 3 15 58 68 37 77 35 
70 0.764706 26 8 34 

0 79 11 15 1 32 42 47 38 10 45 37 4 73 92 55 6 8 2 3 
71 0.764706 26 8 34 

82 78 57 85 72 91 3 90 6 58 87 94 65 64 93 7 63 1 2 13 
72 0.763158 29 9 38 

38 11 28 29 26 93 4 92 40 81 50 53 65 87 72 66 88 5 90 54 
73 0.763158 29 9 38 

97 81 85 83 24 86 6 45 37 22 75 2 58 40 51 39 23 50 73 48 
74 0.763158 29 9 38 

55 60 16 84 81 35 29 91 93 12 61 4 97 52 21 50 8 9 30 40 
75 0.761905 32 10 42 

63 21 43 24 42 58 64 61 65 23 41 44 59 84 52 67 30 40 28 91 
76 0.761905 32 10 42 

63 29 70 27 3 85 75 65 8 23 86 10 0 67 60 61 43 66 32 31 
77 0.761905 32 10 42 

90 57 6 0 59 25 38 99 91 7 76 26 54 21 16 63 75 22 95 79 
78 0.76087 35 11 46 

54 48 14 80 65 69 95 87 66 15 88 17 5 59 19 63 72 2 37 71 
79 0.759259 41 13 54 

58 13 71 16 22 49 73 37 85 39 20 65 24 80 36 11 43 40 76 45 
80 0.758621 44 14 58 

67 65 97 51 88 77 95 43 20 91 24 56 83 78 25 27 69 89 58 64 
81 0.758621 44 14 58 

38 10 23 68 0 21 39 43 99 41 52 92 8 14 83 32 73 75 76 64 
82 0.75 33 11 44 

42 9 87 46 68 2 71 45 26 12 33 51 83 60 28 29 95 38 18 70 
83 0.75 27 9 36 

57 59 8 6 70 92 63 56 4 66 43 83 75 88 80 95 1 9 38 82 
84 0.75 30 10 40 

50 52 53 65 42 77 54 27 70 74 28 47 94 87 22 25 13 58 88 12 
85 0.75 36 12 48 

93 26 20 81 73 52 95 53 86 29 99 97 65 71 0 36 51 2 89 43 
86 0.75 33 11 44 

1 86 0 36 23 56 48 57 4 10 29 71 75 40 2 51 32 8 46 24 
87 0.75 36 12 48 

65 2 58 24 15 5 30 4 79 75 89 55 87 8 91 13 16 94 59 38 
88 0.75 30 10 40 

25 65 15 58 77 53 7 11 63 29 0 91 55 82 61 67 96 59 89 73 
89 0.75 18 6 24 

74 8 36 44 42 99 61 28 38 11 64 47 65 29 26 37 12 45 81 2 
90 0.75 24 8 32 

32 50 65 30 86 58 35 29 20 72 3 27 21 28 57 38 52 70 56 41 
91 0.75 24 8 32 

44 11 51 19 14 95 71 89 70 60 75 84 63 27 31 93 65 53 10 4 
92 0.75 27 9 36 

18 7 25 85 33 10 49 63 36 5 62 67 79 65 51 6 17 4 58 68 
93 0.75 18 6 24 

64 80 23 29 2 9 36 30 77 71 92 98 96 58 53 4 65 17 12 60 
94 0.75 27 9 36 

42 31 81 16 94 40 84 12 21 91 99 3 19 7 75 43 92 5 6 8 
95 0.75 33 11 44 

14 69 45 87 7 13 54 65 33 46 61 43 85 12 62 8 36 27 26 4 
96 0.75 27 9 36 

95 49 63 16 92 57 86 38 76 74 48 24 7 19 21 91 77 18 60 87 
97 0.74 37 13 50 

35 59 21 86 56 88 18 70 7 71 8 51 99 22 67 81 25 12 87 39 
98 0.73913 34 12 46 

23 46 65 80 50 82 44 31 17 77 89 27 9 62 78 8 92 69 70 7 
99 0.73913 34 12 46 

66 65 11 30 40 95 52 93 46 55 63 10 2 36 92 38 6 51 96 15 
100 0.738636 32 11 44 

93 84 89 39 59 83 45 65 69 21 13 64 77 58 20 62 9 36 24 50 
101 0.738095 31 11 42 

16 54 84 30 65 33 70 69 25 6 46 64 7 62 10 37 22 47 44 80 
102 0.738095 31 11 42 

93 88 53 76 12 0 44 3 18 28 73 14 31 75 97 62 4 24 69 38 
103 0.738095 31 11 42 

92 88 54 79 70 66 95 36 59 50 17 46 18 38 74 40 31 27 97 65 
104 0.736842 28 10 38 

55 76 6 24 89 64 62 92 31 78 83 44 17 43 2 91 58 80 65 57 
105 0.736111 26 9 36 

38 53 22 15 59 86 82 19 64 91 57 49 3 10 60 98 51 41 96 81 
106 0.733333 22 8 30 

58 93 4 81 47 65 31 33 14 24 95 82 3 32 86 88 16 59 56 38 
107 0.733333 22 8 30 

22 83 60 66 19 56 86 57 52 89 37 4 44 72 53 31 50 48 58 49 
108 0.730769 38 14 52 

28 58 72 64 8 37 23 20 2 34 57 63 92 40 75 12 22 52 39 14 
109 0.730769 38 14 52 

40 59 7 27 2 4 9 92 42 46 77 12 16 36 3 84 29 99 8 76 
110 0.730769 18 6 26 

47 57 85 6 83 70 4 2 96 46 89 9 5 91 42 77 40 10 58 31 
111 0.730769 19 7 26 

58 70 54 46 72 69 86 98 47 50 92 48 17 31 10 15 16 8 84 59 
112 0.730769 19 7 26 

25 50 13 78 89 22 83 74 20 40 62 85 69 26 56 81 8 38 80 10 
113 0.729167 35 13 48 

58 35 75 22 44 40 48 78 87 8 10 66 94 32 50 7 67 95 27 41 
114 0.728261 33 12 46 

3 24 12 2 95 8 66 81 96 89 14 47 32 72 34 50 5 1 69 11 
115 0.727273 32 12 44 

91 3 28 84 1 69 8 97 92 83 77 45 0 44 88 94 43 56 38 35 
116 0.727273 16 6 22 

61 78 3 13 63 39 73 18 92 20 70 49 98 9 80 76 85 11 81 68 
117 0.72619 30 11 42 

95 94 33 38 7 29 34 59 93 35 91 11 72 15 78 85 87 8 96 68 
118 0.725 29 11 40 

75 18 91 12 48 59 2 94 58 24 3 30 82 1 97 47 96 25 36 78 
119 0.725 29 11 40 

5 0 93 26 42 55 3 81 54 12 11 50 95 47 10 4 53 80 21 17 
120 0.725 29 11 40 

83 32 8 24 62 2 48 40 85 25 22 74 66 75 81 54 39 13 5 43 
121 0.722222 26 10 36 

55 84 3 47 45 40 68 60 1 58 57 20 62 23 66 4 11 44 6 79 
122 0.722222 26 10 36 

63 11 66 52 15 58 34 26 39 56 76 41 29 28 93 27 86 53 19 3 
123 0.722222 13 5 18 

73 17 65 11 99 25 51 90 14 19 4 86 36 47 64 53 21 5 81 15 
124 0.720588 24 9 34 

0 34 27 84 11 99 75 16 43 5 79 49 6 18 3 22 92 71 91 19 
125 0.71875 23 9 32 

49 91 92 52 72 39 82 96 0 43 81 50 93 75 69 59 97 65 47 5 
126 0.71875 23 9 32 

79 47 95 76 34 91 38 61 85 16 87 1 0 58 24 69 98 5 68 55 
127 0.715909 31 12 44 

14 40 95 76 47 71 38 64 41 77 23 3 96 62 58 66 39 46 31 82 
128 0.714286 40 16 56 

8 52 88 80 72 9 7 59 96 3 22 50 62 98 26 82 71 38 14 34 
129 0.714286 30 12 42 

95 64 69 4 35 60 97 30 6 28 2 18 31 54 66 72 7 43 65 73 
130 0.714286 20 8 28 

18 60 61 84 51 65 56 90 39 59 34 42 45 35 8 10 81 22 44 14 
131 0.714286 30 12 42 

12 64 41 60 13 34 63 92 49 70 28 73 21 93 14 94 83 25 47 80 
132 0.714286 30 12 42 

62 70 83 3 81 35 51 55 98 29 17 0 94 22 72 84 52 58 88 89 
133 0.7125 57 23 80 

62 30 78 96 32 89 37 94 93 11 40 95 33 28 92 56 3 39 26 65 
134 0.711538 37 15 52 

56 98 58 52 89 26 50 36 13 64 91 78 72 39 88 54 84 86 19 74 
135 0.711538 37 15 52 

61 94 77 52 74 95 48 65 41 47 11 16 56 93 3 8 2 6 10 67 
136 0.710526 27 11 38 

72 42 91 95 45 35 93 83 3 9 34 39 70 10 49 98 99 62 69 82 
137 0.710526 27 11 38 

8 45 47 5 32 54 11 83 94 63 90 95 1 92 17 12 71 29 33 20 
138 0.710526 27 11 38 

61 65 23 86 12 68 34 75 69 88 29 60 10 9 18 54 6 67 83 7 
139 0.710526 27 11 38 

30 49 60 44 68 32 38 42 35 53 24 51 91 59 66 50 0 12 96 11 
140 0.708333 34 14 48 

28 97 92 85 77 99 53 65 60 6 10 44 62 39 34 54 12 25 64 5 
141 0.706897 41 17 58 

79 64 39 93 10 49 94 71 45 58 24 2 82 11 6 0 38 48 40 53 
142 0.705882 24 10 34 

16 41 23 25 51 97 85 70 98 63 28 58 77 6 30 59 44 15 43 0 
143 0.705882 24 10 34 

23 12 94 15 1 83 25 19 92 75 24 76 8 7 36 71 73 6 97 66 
144 0.705882 24 10 34 

4 48 70 59 64 76 65 42 86 27 45 11 57 50 97 92 72 5 46 21 
145 0.704545 31 13 44 

48 92 29 57 67 6 81 24 60 66 16 95 80 13 85 83 72 79 47 3 
146 0.704545 31 13 44 

92 21 16 70 95 62 80 77 20 51 7 5 71 9 33 97 46 87 6 29 
147 0.7 21 9 30 

15 98 97 32 60 87 55 10 71 99 74 79 19 17 39 12 85 40 0 38 
148 0.7 21 9 30 

53 77 99 48 1 73 71 79 97 70 16 93 0 87 9 37 13 19 44 58 
149 0.7 14 6 20 

47 6 65 97 54 89 13 36 49 40 35 73 95 15 48 86 79 45 93 76 
150 0.7 21 9 30 

81 76 12 52 51 97 66 3 70 38 91 28 73 56 57 55 36 2 39 1 
151 0.7 14 6 20 

40 47 17 77 55 42 58 95 76 85 22 35 80 18 92 69 71 1 30 59 
152 0.7 21 9 30 

8 65 0 74 12 7 93 54 72 99 42 47 11 51 91 14 34 53 77 61 
153 0.7 21 9 30 

65 37 50 26 44 0 85 48 60 23 52 86 27 87 9 11 81 56 80 4 
154 0.7 35 15 50 

62 39 20 55 13 0 38 32 76 78 89 69 63 65 12 68 2 37 71 8 
155 0.698276 40 17 58 

48 28 2 79 84 65 32 18 23 51 45 4 67 71 86 89 49 50 14 85 
156 0.696429 39 17 56 

67 13 18 93 46 92 10 12 27 86 45 57 20 32 64 38 98 37 68 34 
157 0.695652 32 14 46 

15 61 28 92 4 16 63 91 9 38 85 26 62 13 25 81 6 54 78 14 
158 0.695652 32 14 46 

95 69 38 90 7 96 16 62 15 43 97 22 71 60 14 92 52 85 20 47 
159 0.694444 25 11 36 

43 33 73 96 47 46 48 13 0 86 80 34 6 42 76 65 11 26 53 55 
160 0.694444 25 11 36 

63 2 29 26 87 61 67 72 81 91 56 84 46 5 48 74 62 65 31 92 
161 0.694444 25 11 36 

56 35 8 9 54 0 68 99 16 60 39 25 59 12 13 38 78 58 72 84 
162 0.692308 18 8 26 

55 14 1 79 82 67 84 31 24 44 66 38 40 62 42 45 75 76 10 65 
163 0.690476 29 13 42 

26 56 77 50 42 59 8 4 33 48 13 76 87 32 35 65 52 69 90 2 
164 0.690476 29 13 42 

75 56 24 61 36 58 47 15 55 54 6 5 51 39 9 68 92 49 38 4 
165 0.690476 29 13 42 

60 96 28 13 14 78 10 51 3 58 23 21 4 36 45 87 66 46 61 98 
166 0.690476 29 13 42 

15 29 77 20 69 68 99 75 24 16 96 28 32 47 5 38 84 92 58 6 
167 0.689655 40 18 58 

81 76 88 58 19 67 28 54 66 70 22 65 46 64 55 77 4 94 36 29 
168 0.6875 27 12 40 

15 9 79 73 8 4 70 40 13 18 60 88 0 61 56 36 3 80 93 31 
169 0.6875 22 10 32 

21 31 29 3 70 74 64 71 89 16 98 86 38 30 2 92 5 56 96 84 
170 0.6875 22 10 32 

41 8 76 12 60 92 15 39 3 27 94 54 1 59 97 77 23 65 96 50 
171 0.685484 42 19 62 

20 76 58 39 78 21 86 68 46 77 5 4 16 70 61 45 6 92 93 69 
172 0.684211 26 12 38 

48 57 5 47 2 40 4 7 93 35 8 12 61 31 63 30 3 62 19 6 
173 0.684211 26 12 38 

58 93 8 50 97 51 17 48 53 43 65 63 30 87 45 62 37 88 41 90 
174 0.684211 26 12 38 

64 89 2 94 69 71 91 6 80 8 7 48 12 53 57 16 47 13 46 72 
175 0.681818 15 7 22 

40 60 11 12 55 65 29 7 89 43 19 67 23 56 3 18 28 34 35 74 
176 0.681818 30 14 44 

20 12 3 19 73 28 0 47 96 38 25 85 49 14 92 8 16 72 1 4 
177 0.681818 30 14 44 

46 39 0 42 36 94 22 43 60 48 59 29 23 96 38 50 81 3 62 82 
178 0.681818 30 14 44 

39 92 66 37 60 70 88 52 13 22 78 86 87 21 42 71 10 29 30 9 
179 0.678571 19 9 28 

46 34 98 1 2 44 36 42 93 27 89 90 40 76 0 30 8 92 28 11 
180 0.678571 19 9 28 

45 92 35 15 73 6 21 83 54 44 51 60 23 41 65 40 74 78 1 59 
181 0.678571 19 9 28 

31 71 9 1 47 79 57 40 64 14 65 4 81 94 39 70 32 97 87 23 
182 0.677083 32 15 48 

71 44 25 52 92 83 5 74 41 18 93 84 79 69 17 56 27 51 8 82 
183 0.676471 23 11 34 

28 55 45 42 73 7 94 91 79 12 71 21 63 23 89 4 58 77 2 64 
184 0.676471 46 22 68 

78 90 58 18 19 12 69 26 56 80 54 81 82 68 76 91 87 55 49 95 
185 0.676471 23 11 34 

88 57 86 17 43 28 92 83 1 50 18 72 39 94 33 3 8 38 79 93 
186 0.675 27 13 40 

30 55 21 73 27 98 79 81 90 25 65 28 40 71 95 42 36 33 22 91 
187 0.675 27 13 40 

81 55 8 67 85 62 75 46 63 83 23 42 65 1 90 92 7 54 96 17 
188 0.675 27 13 40 

55 96 46 90 24 1 98 95 16 80 83 33 59 8 44 2 79 92 70 40 
189 0.672414 39 19 58 

17 0 91 86 82 22 76 15 81 89 34 83 28 65 99 68 18 16 4 64 
190 0.671875 21 10 32 

82 6 92 4 26 62 52 3 27 8 57 94 33 23 32 70 47 58 60 59 
191 0.666667 20 10 30 

32 42 11 41 66 24 10 50 34 15 29 98 55 8 92 89 87 64 70 52 
192 0.666667 28 14 42 

96 64 65 7 8 93 47 6 72 87 4 61 2 26 57 54 89 68 40 50 
193 0.666667 28 14 42 

71 86 60 13 64 44 70 22 5 85 65 67 46 26 50 49 69 78 79 43 
194 0.666667 20 10 30 

82 77 32 59 19 42 49 22 8 68 58 90 31 88 13 74 65 91 54 87 
195 0.666667 24 12 36 

86 49 19 11 13 40 54 60 61 26 57 68 78 52 72 93 98 34 21 12 
196 0.666667 24 12 36 

42 62 49 95 31 57 45 74 78 56 98 51 16 5 46 11 40 26 59 68 
197 0.666667 20 10 30 

84 71 38 70 2 32 55 90 99 63 45 66 35 8 95 36 11 89 26 20 
198 0.663043 30 15 46 

4 89 90 84 59 73 14 47 7 24 3 11 63 12 17 49 65 8 10 96 
199 0.66 33 17 50 

73 86 12 17 29 69 39 75 76 30 91 71 14 59 65 96 93 53 60 8 
200 0.66 33 17 50 

71 49 53 23 30 44 5 10 9 89 92 34 48 87 40 69 39 31 29 36 
201 0.659091 29 15 44 

56 35 52 79 38 2 92 13 59 39 87 22 53 78 11 20 29 34 60 91 
202 0.659091 29 15 44 

15 14 39 27 65 78 47 42 58 40 67 89 11 22 96 24 85 41 63 48 
203 0.659091 29 15 44 

98 52 49 40 51 33 68 16 83 60 95 20 18 96 23 50 44 47 4 77 
204 0.659091 29 15 44 

66 93 83 73 72 5 71 11 98 27 37 17 67 78 57 86 91 77 35 50 
205 0.659091 29 15 44 

92 27 54 5 55 12 14 40 8 80 90 41 62 71 26 91 57 35 43 39 
206 0.657895 25 13 38 

85 25 37 88 61 38 49 31 96 77 10 80 51 34 40 93 70 57 4 54 
207 0.657895 25 13 38 

35 15 17 58 77 11 5 63 82 64 96 8 6 90 52 4 85 78 10 36 
208 0.657895 25 13 38 

29 25 69 65 73 19 24 86 54 71 85 51 6 89 39 20 81 80 4 60 
209 0.657895 25 13 38 

81 4 8 87 91 82 25 27 93 28 92 18 43 98 78 21 41 68 29 67 
210 0.657407 35 18 54 

89 8 98 6 49 30 43 68 90 76 92 75 44 94 19 71 7 56 81 25 
211 0.65625 21 11 32 

23 9 89 39 65 48 61 83 8 32 24 90 77 27 68 92 57 59 81 74 
212 0.65625 31 16 48 

67 31 89 59 61 58 91 60 62 22 24 19 70 41 48 55 82 95 32 96 
213 0.65625 21 11 32 

26 36 21 55 17 32 10 31 3 14 59 12 89 51 48 4 35 1 91 85 
214 0.65625 31 16 48 

71 91 33 36 43 82 2 78 84 38 23 30 66 79 24 37 15 86 58 17 
215 0.65625 21 11 32 

59 77 5 87 36 10 56 69 46 91 35 32 38 48 65 43 22 76 41 62 
216 0.65625 31 16 48 

91 5 20 1 62 63 86 18 71 75 82 65 85 39 93 80 32 92 42 70 
217 0.653846 17 9 26 

82 96 23 47 57 3 5 41 81 89 98 28 32 86 16 45 4 35 58 22 
218 0.652174 30 16 46 

43 30 56 36 37 59 65 64 61 82 68 0 22 46 16 83 70 51 96 33 
219 0.65 26 14 40 

72 18 17 81 69 46 35 6 20 19 8 33 91 64 68 40 31 38 86 90 
220 0.65 26 14 40 

10 69 6 2 19 46 67 42 70 50 92 7 17 3 72 20 36 41 8 74 
221 0.65 26 14 40 

46 44 17 11 3 89 51 60 1 9 49 78 57 16 62 54 58 71 35 42 
222 0.647059 22 12 34 

18 42 33 94 12 85 36 80 14 0 72 96 68 91 4 28 11 34 19 81 
223 0.647059 22 12 34 

52 66 42 50 60 45 90 21 0 76 99 11 16 48 65 86 93 95 18 75 
224 0.647059 22 12 34 

90 89 70 96 3 49 16 99 23 30 28 25 50 79 54 65 68 81 87 83 
225 0.647059 22 12 34 

57 76 84 17 46 36 78 77 64 65 47 40 58 48 52 39 16 59 75 11 
226 0.647059 22 12 34 

26 42 84 95 56 77 58 39 91 74 15 68 0 67 70 22 54 12 20 21 
227 0.645833 31 17 48 

65 57 69 56 76 10 7 55 83 94 22 73 92 78 72 97 28 6 3 39 
228 0.642857 18 10 28 

55 1 78 89 6 56 93 69 92 80 50 13 88 82 38 7 96 8 97 4 
229 0.642857 36 20 56 

95 87 78 9 41 57 47 80 34 18 65 73 85 70 69 17 14 1 12 16 
230 0.642857 27 15 42 

3 26 31 94 51 33 28 15 6 21 73 65 62 82 77 0 4 63 47 52 
231 0.642857 27 15 42 

87 46 55 91 71 30 27 50 1 95 67 98 75 63 56 79 32 23 43 18 
232 0.642857 27 15 42 

97 26 70 85 11 91 5 17 52 89 67 27 49 65 3 14 42 44 50 57 
233 0.642857 18 10 28 

46 82 87 88 10 41 72 8 74 90 52 68 58 99 63 5 4 0 36 2 
234 0.642857 18 10 28 

66 32 81 9 54 90 85 28 44 10 61 58 93 97 59 47 96 78 40 16 
235 0.642857 18 10 28 

46 73 20 49 91 81 22 18 54 51 19 3 23 89 83 17 59 0 39 62 
236 0.64 32 18 50 

79 22 93 73 15 2 86 1 3 23 91 5 19 56 61 43 98 57 62 97 
237 0.638889 23 13 36 

13 69 42 37 43 19 7 82 56 26 31 2 65 81 48 96 70 52 12 44 
238 0.638889 23 13 36 

69 99 67 64 66 85 97 88 45 41 86 56 34 29 76 58 75 12 23 78 
239 0.638889 23 13 36 

87 99 31 71 95 96 93 57 34 24 78 63 94 26 49 47 56 53 92 65 
240 0.638889 23 13 36 

68 55 58 11 13 17 6 33 88 43 30 80 79 70 86 20 37 22 38 52 
241 0.636364 28 16 44 

10 47 68 45 57 46 96 34 6 36 13 91 87 98 80 49 84 82 65 7 
242 0.636364 28 16 44 

4 54 50 79 22 74 51 19 14 31 63 92 29 25 47 78 32 10 39 43 
243 0.636364 14 8 22 

73 25 21 86 52 23 2 48 58 12 92 16 6 55 69 38 96 53 29 89 
244 0.636364 14 8 22 

58 69 37 5 22 91 33 84 59 73 95 10 64 93 80 7 28 87 31 72 
245 0.636364 14 8 22 

76 57 30 80 50 77 27 25 59 15 71 23 45 24 70 26 75 81 33 58 
246 0.634615 16 9 26 

58 34 98 18 49 3 69 86 37 73 80 14 77 53 74 85 81 91 64 45 
247 0.634615 32 18 52 

71 72 82 20 5 6 49 29 25 78 7 60 54 57 11 65 21 99 39 92 
248 0.633333 19 11 30 

66 28 38 80 22 17 70 40 11 8 12 31 32 13 52 94 71 63 55 6 
249 0.631579 24 14 38 

0 22 56 61 33 20 74 29 53 81 44 49 17 54 57 15 73 19 58 23 
250 0.631579 24 14 38 

63 13 23 65 56 49 10 5 44 62 33 80 93 45 81 24 29 32 41 1 
251 0.631579 24 14 38 

78 94 53 38 83 97 54 5 11 12 3 86 15 35 13 80 48 19 10 6 
252 0.630435 29 17 46 

0 29 74 50 77 31 21 92 68 24 99 93 75 25 51 13 3 15 27 5 
253 0.62963 34 20 54 

52 28 72 81 77 78 43 26 85 41 5 47 58 60 34 21 20 83 75 17 
254 0.625 20 12 32 

56 72 60 58 33 25 24 88 27 84 93 91 71 63 13 81 47 77 19 10 
255 0.625 20 12 32 

8 9 11 26 21 37 82 22 87 39 51 43 48 98 70 25 44 65 30 91 
256 0.625 20 12 32 

99 0 55 10 36 41 70 14 49 84 67 8 13 7 22 43 56 15 34 95 
257 0.625 20 12 32 

74 79 7 39 88 61 55 3 50 84 52 23 46 53 60 35 98 65 77 6 
258 0.625 20 12 32 

41 72 46 50 86 84 8 54 26 94 38 65 77 53 48 14 81 73 62 43 
259 0.625 20 12 32 

26 66 36 22 87 37 42 57 79 70 52 33 65 10 8 56 71 48 32 9 
260 0.625 30 18 48 

37 4 77 80 92 20 86 70 6 30 45 8 88 48 44 71 14 85 99 76 
261 0.625 10 6 16 

61 16 45 3 1 87 89 77 69 46 15 66 20 40 92 35 39 68 55 60 
262 0.625 30 18 48 

13 71 81 19 25 42 41 40 83 90 66 60 89 7 54 75 1 92 86 30 
263 0.625 25 15 40 

16 78 48 15 90 32 22 42 17 25 36 76 65 35 63 69 26 99 38 86 
264 0.625 25 15 40 

95 40 6 88 94 9 35 42 2 75 4 3 97 11 23 1 57 16 79 30 
265 0.625 25 15 40 

72 68 16 55 32 4 49 46 13 0 23 81 78 5 45 87 20 41 91 86 
266 0.625 15 9 24 

31 51 65 71 22 35 52 66 20 44 3 54 83 64 33 84 23 15 6 68 
267 0.625 20 12 32 

18 56 19 23 61 69 89 38 53 99 45 79 37 87 40 58 39 34 54 41 
268 0.621212 41 25 66 

44 92 21 40 80 77 43 66 32 41 81 73 75 7 13 52 62 10 70 25 
269 0.62069 36 22 58 

89 29 62 86 53 90 4 76 71 72 56 65 46 92 30 44 36 12 74 73 
270 0.62037 33 20 54 

50 57 83 26 16 15 81 85 62 40 67 55 68 74 79 56 76 70 59 39 
271 0.62 31 19 50 

40 58 74 47 33 20 63 15 70 42 72 79 53 68 6 12 24 78 84 39 
272 0.619565 28 17 46 

77 93 34 78 64 92 51 5 26 8 40 55 12 86 39 97 63 82 28 0 
273 0.619048 26 16 42 

64 65 69 8 42 9 25 86 7 55 96 33 88 95 59 31 28 35 12 21 
274 0.619048 26 16 42 

2 99 26 97 92 20 9 72 96 11 45 93 3 31 40 75 65 52 56 33 
275 0.619048 26 16 42 

10 3 27 57 36 11 13 59 76 31 50 33 9 43 24 4 56 52 63 29 
276 0.619048 26 16 42 

64 32 68 61 46 24 38 74 84 6 99 16 42 8 21 35 95 98 22 78 
277 0.619048 26 16 42 

48 74 38 17 13 35 61 9 82 21 14 25 64 81 71 75 86 53 62 79 
278 0.617647 21 13 34 

6 32 44 56 5 60 63 55 79 70 82 58 38 11 28 25 35 74 1 4 
279 0.617647 21 13 34 

50 56 64 67 82 54 36 3 62 72 5 55 46 61 92 94 43 79 80 11 
280 0.617647 21 13 34 

89 90 40 3 2 15 49 77 72 71 25 66 30 12 34 64 96 75 99 83 
281 0.617647 21 13 34 

90 19 47 38 56 31 72 41 51 13 12 14 6 52 77 36 97 78 66 50 
282 0.617647 21 13 34 

67 65 18 54 86 23 61 30 28 2 11 8 82 35 43 59 58 83 51 99 
283 0.616667 18 11 30 

65 38 18 29 26 70 61 1 87 74 40 77 37 96 36 31 49 71 56 44 
284 0.616667 37 23 60 

94 95 53 2 84 35 93 60 24 98 58 34 99 31 41 72 47 68 71 82 
285 0.615385 16 10 26 

85 68 96 45 64 19 7 65 23 97 90 32 14 46 26 62 71 49 57 51 
286 0.615385 16 10 26 

0 6 32 54 42 73 44 65 13 26 1 52 92 70 48 87 61 20 53 45 
287 0.615385 32 20 52 

75 62 99 68 69 39 91 58 82 78 84 11 73 60 35 31 0 10 70 5 
288 0.613636 27 17 44 

22 34 2 37 65 1 95 20 17 72 82 68 32 50 48 39 33 24 60 79 
289 0.613636 27 17 44 

58 53 29 39 22 45 98 18 87 70 20 90 95 3 43 1 36 46 60 79 
290 0.613636 27 17 44 

8 71 89 76 94 3 79 95 93 29 60 38 7 31 65 21 51 2 14 36 
291 0.6125 24 15 40 

77 30 18 42 40 55 2 41 97 72 90 36 34 49 79 93 8 64 25 81 
292 0.6125 24 15 40 

30 87 59 38 17 85 65 70 43 81 15 12 19 61 5 29 32 20 83 26 
293 0.611111 33 21 54 

83 29 28 50 62 79 37 13 68 1 40 2 53 54 34 86 81 65 98 49 
294 0.611111 22 14 36 

35 24 3 46 25 16 37 69 51 34 71 56 58 12 9 76 29 23 87 74 
295 0.611111 22 14 36 

13 81 66 89 97 32 80 95 48 61 79 93 71 53 4 47 40 27 8 84 
296 0.611111 11 7 18 

14 36 82 31 42 35 16 38 13 81 86 41 76 74 77 4 51 2 92 62 
297 0.611111 33 21 54 

6 14 91 30 80 88 8 73 21 46 51 87 22 27 20 23 83 58 96 0 
298 0.611111 33 21 54 

72 86 42 99 49 7 13 54 50 3 67 57 19 92 76 51 4 88 44 78 
299 0.61 30 19 50 

97 70 44 56 11 73 24 41 38 18 6 47 5 17 67 32 83 7 95 55 
300 0.608696 28 18 46 

92 78 77 53 4 47 13 55 87 71 27 2 39 6 70 51 46 31 34 21 
301 0.607143 17 11 28 

75 78 77 0 28 17 95 51 41 2 54 91 56 70 57 48 64 6 11 26 
302 0.607143 17 11 28 

51 49 66 72 8 83 71 50 42 88 48 34 90 4 78 14 98 87 16 27 
303 0.607143 34 22 56 

32 25 22 67 79 26 77 55 58 30 18 17 36 20 97 69 13 14 60 61 
304 0.607143 17 11 28 

98 48 94 18 58 6 73 34 91 43 56 85 10 1 35 66 12 31 25 83 
305 0.606061 39 25 66 

31 65 36 10 26 11 82 15 54 35 73 87 24 51 89 74 60 76 29 71 
306 0.605769 31 20 52 

2 15 1 62 18 82 20 92 30 4 41 47 55 54 68 33 95 72 37 38 
307 0.605263 23 15 38 

46 13 29 75 8 35 81 18 88 42 71 77 78 44 56 68 26 99 45 30 
308 0.605263 23 15 38 

8 94 46 31 23 98 97 73 83 6 65 15 71 87 93 80 47 39 77 56 
309 0.605263 23 15 38 

61 40 91 36 12 2 42 9 29 97 80 65 8 84 86 99 28 0 21 1 
310 0.605263 23 15 38 

97 25 79 11 4 60 47 84 70 29 95 59 96 92 63 56 15 85 19 93 
311 0.604167 14 9 24 

57 10 43 37 13 4 20 29 60 93 23 49 33 70 42 69 89 27 85 38 
312 0.604167 29 19 48 

20 63 71 44 5 23 78 2 34 37 9 13 83 42 1 33 80 58 35 95 
313 0.604167 29 19 48 

78 47 30 51 12 72 62 0 25 71 70 22 38 28 60 43 11 77 52 68 
314 0.603448 35 23 58 

78 92 83 62 81 17 41 94 84 13 67 21 76 1 34 0 91 68 48 72 
315 0.602941 20 13 34 

0 92 80 93 72 74 87 24 47 6 25 96 79 36 4 42 67 50 22 44 
316 0.6 24 16 40 

54 21 81 48 91 90 53 76 92 60 61 45 29 46 11 58 77 69 57 73 
317 0.6 36 24 60 

85 33 66 53 29 54 62 89 73 50 59 65 93 61 20 64 98 39 71 13 
318 0.6 24 16 40 

8 63 62 61 29 67 48 39 0 41 81 13 24 27 86 75 11 25 1 91 
319 0.6 18 12 30 

44 42 13 3 86 55 93 45 95 41 22 38 24 39 75 27 19 90 62 96 
320 0.6 18 12 30 

70 89 7 97 91 40 84 14 77 51 86 16 36 76 1 0 61 78 55 38 
321 0.6 18 12 30 

23 66 43 2 64 77 58 52 96 20 75 55 36 62 84 42 32 19 78 35 
322 0.6 24 16 40 

41 0 72 5 15 10 27 2 94 42 33 36 77 81 82 46 75 98 76 90 
323 0.597826 26 17 46 

75 85 25 27 62 84 7 93 91 52 50 6 38 59 11 33 10 55 15 92 
324 0.595238 25 17 42 

80 27 66 39 68 59 81 32 54 29 82 72 75 41 11 8 62 61 78 64 
325 0.595238 25 17 42 

79 47 89 95 77 43 7 33 93 99 64 37 50 18 68 82 23 6 5 22 
326 0.59375 19 13 32 

2 17 68 33 89 85 60 4 82 84 25 53 15 66 44 96 36 1 63 38 
327 0.592593 32 22 54 

1 22 20 38 50 15 92 17 72 9 53 12 90 79 62 60 49 40 98 6 
328 0.590909 26 18 44 

87 12 86 54 35 29 14 43 24 44 99 92 50 39 95 70 13 97 27 60 
329 0.590909 26 18 44 

77 95 86 74 26 91 44 87 46 70 30 10 54 0 15 51 48 80 11 92 
330 0.590909 13 9 22 

81 26 71 32 47 88 70 67 93 29 6 96 4 55 64 87 97 9 16 0 
331 0.590909 26 18 44 

23 21 12 93 16 78 3 64 87 60 73 35 17 19 54 15 36 41 24 26 
332 0.588235 20 14 34 

52 47 8 15 2 3 70 77 27 83 62 36 85 97 91 79 21 45 94 69 
333 0.588235 20 14 34 

5 84 36 76 10 20 60 49 61 72 57 2 8 3 6 80 92 68 97 89 
334 0.583333 19 13 36 

57 15 36 21 11 13 37 54 7 69 8 16 6 19 27 33 93 32 55 92 
335 0.583333 21 15 36 

43 82 3 67 11 7 75 66 39 88 4 84 64 69 58 42 92 52 15 70 
336 0.583333 21 15 36 

91 74 86 11 37 58 93 30 10 31 19 4 20 29 76 16 13 90 79 49 
337 0.583333 21 15 36 

79 74 42 2 27 83 63 72 93 3 65 1 66 23 89 5 75 77 87 28 
338 0.583333 21 15 36 

94 77 28 95 1 0 53 7 43 45 18 20 4 69 76 87 49 64 38 66 
339 0.583333 24 17 42 

70 41 62 4 11 14 63 87 8 91 77 30 44 45 13 76 28 96 19 56 
340 0.583333 31 22 54 

97 99 6 13 94 57 15 86 85 28 39 41 16 75 17 93 96 58 33 25 
341 0.583333 21 15 36 

1 38 77 19 87 6 95 96 71 34 52 99 70 78 49 32 25 43 60 84 
342 0.583333 21 15 36 

13 72 31 29 95 22 38 94 90 52 70 73 15 85 97 0 14 87 17 57 
343 0.578947 22 16 38 

20 67 25 21 0 22 15 89 51 16 86 45 32 65 61 59 56 14 13 44 
344 0.578947 22 16 38 

58 1 40 41 60 76 22 93 25 62 89 15 36 43 64 23 84 55 18 45 
345 0.578947 22 16 38 

73 86 39 55 12 52 41 71 78 31 21 28 96 49 60 16 32 18 98 51 
346 0.578947 22 16 38 

15 58 24 48 70 66 20 47 80 90 85 14 36 99 52 55 59 4 96 67 
347 0.576923 30 22 52 

47 11 31 93 10 50 78 73 34 32 46 25 54 27 59 60 69 53 91 2 
348 0.576923 30 22 52 

36 53 58 94 42 9 90 97 93 95 99 54 28 12 89 71 77 85 70 68 
349 0.576923 30 22 52 

45 60 59 19 22 12 49 43 18 52 69 0 26 75 20 30 67 14 32 38 
350 0.576923 30 22 52 

63 67 58 21 90 25 87 7 27 55 86 19 28 34 52 95 13 15 2 41 
351 0.576923 15 11 26 

42 81 22 39 32 62 99 87 55 83 82 96 13 80 63 49 53 95 67 37 
352 0.576923 30 22 52 

74 70 26 95 97 39 58 18 31 34 53 49 61 64 63 9 92 80 19 13 
353 0.575 23 17 40 

34 59 8 65 30 25 19 81 69 1 68 56 16 87 18 64 11 13 39 21 
354 0.575 23 17 40 

73 35 57 60 79 47 97 98 0 50 22 53 1 63 89 41 7 58 91 71 
355 0.575 23 17 40 

62 93 95 9 14 16 19 98 21 51 1 17 31 38 88 49 30 59 78 29 
356 0.575 23 17 40 

61 70 20 50 37 60 11 55 67 4 91 92 38 71 96 42 24 33 45 88 
357 0.575 23 17 40 

31 22 4 60 85 18 20 47 75 66 94 81 77 16 55 49 97 78 58 29 
358 0.574074 31 23 54 

53 77 12 3 93 51 76 39 60 91 24 56 33 68 47 2 43 81 46 62 
359 0.573529 19 14 34 

29 18 41 76 36 57 38 77 35 86 6 4 66 91 20 45 19 75 15 33 
360 0.572917 27 20 48 

45 59 91 50 7 33 54 19 47 78 56 35 60 36 41 58 0 83 43 70 
361 0.571429 16 12 28 

63 7 91 90 52 0 58 26 84 28 98 79 22 4 5 66 65 19 68 45 
362 0.571429 16 12 28 

46 81 4 0 7 25 97 19 49 48 2 17 41 76 63 18 67 96 69 3 
363 0.571429 24 18 42 

5 59 9 78 14 25 75 43 35 12 88 82 49 65 64 37 72 8 27 39 
364 0.571429 16 12 28 

50 31 24 49 72 18 15 11 90 89 1 65 82 86 17 91 45 48 35 83 
365 0.571429 16 12 28 

94 8 71 55 62 46 70 45 93 74 95 5 89 68 42 79 99 82 64 0 
366 0.568182 25 19 44 

86 16 48 81 20 61 87 83 52 27 67 72 23 1 15 45 51 3 55 33 
367 0.568182 25 19 44 

43 60 19 90 98 15 54 82 52 6 81 57 85 77 58 46 59 14 33 4 
368 0.568182 25 19 44 

39 67 85 41 75 60 63 47 46 91 37 82 2 23 66 56 32 8 17 81 
369 0.566667 17 13 30 

70 8 46 91 0 12 6 83 75 9 39 29 16 35 23 86 53 72 97 76 
370 0.566667 17 13 30 

2 6 72 46 77 90 13 89 75 25 62 73 70 59 67 18 22 21 78 31 
371 0.566667 17 13 30 

0 24 51 83 45 66 1 31 10 86 75 68 95 85 43 79 30 12 55 54 
372 0.566667 17 13 30 

87 53 76 25 35 6 67 28 22 30 18 73 75 29 19 10 91 4 68 86 
373 0.566667 17 13 30 

21 64 33 43 79 52 38 72 5 16 89 66 53 74 17 84 81 12 36 54 
374 0.566667 17 13 30 

38 60 53 56 29 21 94 93 36 74 22 69 33 46 4 66 80 79 75 67 
375 0.566667 17 13 30 

59 28 79 26 84 49 35 71 50 46 3 52 25 20 68 62 4 29 1 75 
376 0.565217 26 20 46 

49 10 4 61 88 27 55 14 60 67 21 48 12 18 42 34 35 66 3 31 
377 0.565217 26 20 46 

3 64 63 27 62 41 17 55 84 39 98 79 92 34 45 33 14 2 12 7 
378 0.565217 26 20 46 

98 55 79 89 27 56 8 54 38 84 68 57 97 62 11 6 51 40 60 31 
379 0.565217 26 20 46 

38 20 51 61 14 60 94 12 50 44 54 68 4 52 41 31 40 26 9 1 
380 0.564516 35 27 62 

83 75 76 49 69 38 54 33 44 18 40 0 90 78 47 60 72 39 98 43 
381 0.5625 18 14 32 

78 29 1 59 26 7 85 13 50 38 88 67 19 24 52 71 23 47 18 76 
382 0.5625 18 14 32 

7 62 98 43 90 73 87 28 52 67 8 39 20 72 81 11 15 95 59 41 
383 0.5625 18 14 32 

87 81 16 27 85 55 84 33 92 89 36 43 59 44 22 78 70 39 51 20 
384 0.5625 27 21 48 

91 62 53 11 41 58 46 97 20 69 70 21 66 19 47 10 57 12 6 3 
385 0.5625 18 14 32 

71 86 89 45 43 94 51 49 64 88 5 53 81 58 44 69 74 38 36 99 
386 0.5625 18 14 32 

34 21 46 8 41 11 96 63 17 58 43 86 10 85 99 87 78 23 28 5 
387 0.5625 27 21 48 

69 70 29 97 27 3 90 39 32 19 49 18 48 40 51 77 22 7 98 2 
388 0.5625 18 14 32 

15 39 38 41 59 66 48 17 58 34 29 6 25 63 97 13 22 0 37 47 
389 0.56 28 22 50 

16 1 56 47 19 6 18 69 12 21 80 11 45 99 31 13 67 72 64 38 
390 0.56 28 22 50 

88 50 91 63 4 90 13 74 68 55 8 86 26 3 43 40 44 31 39 42 
391 0.56 28 22 50 

82 41 3 44 99 10 23 62 25 56 2 60 43 1 11 4 13 16 98 53 
392 0.558824 19 15 34 

37 96 26 81 74 44 69 23 63 33 6 13 48 41 94 59 92 15 34 84 
393 0.558824 19 15 34 

75 74 60 72 22 29 65 41 13 39 66 16 34 17 10 35 46 31 98 20 
394 0.558824 19 15 34 

96 2 54 18 5 49 38 3 21 19 90 35 10 4 43 77 85 42 8 72 
395 0.558824 19 15 34 

89 78 95 60 79 29 47 38 69 74 10 92 70 61 86 41 30 83 4 75 
396 0.558824 19 15 34 

98 81 50 51 40 57 2 31 11 32 62 34 52 24 28 16 68 59 44 12 
397 0.557692 29 23 52 

71 47 73 64 76 42 84 83 49 38 92 22 46 85 72 55 44 91 32 80 
398 0.556818 24 19 44 

95 77 96 49 92 9 45 53 79 0 44 72 48 30 1 15 89 66 34 4 
399 0.555556 10 8 18 

32 35 28 7 14 0 79 47 92 60 83 65 64 20 13 16 80 69 43 18 
400 0.555556 20 16 36 

62 73 78 27 32 43 9 96 61 76 12 4 18 3 98 92 56 77 55 17 
401 0.555556 20 16 36 

15 45 40 2 50 46 3 78 20 25 58 16 82 35 19 18 36 92 13 6 
402 0.555556 30 24 54 

81 33 52 59 90 74 60 11 47 22 44 87 4 96 10 1 64 9 18 51 
403 0.553571 31 25 56 

5 77 40 23 57 31 88 90 26 72 87 21 43 95 59 7 80 25 68 65 
404 0.552632 21 17 38 

36 59 26 92 81 53 16 87 13 19 74 45 75 91 52 99 24 50 32 84 
405 0.552632 21 17 38 

1 28 78 34 39 65 95 49 5 73 42 99 45 37 53 81 54 55 33 94 
406 0.552632 21 17 38 

54 13 24 80 76 58 38 40 84 22 90 14 73 98 36 82 35 20 39 94 
407 0.551724 32 26 58 

45 51 4 55 81 99 41 53 80 0 26 16 78 46 92 59 85 88 76 15 
408 0.551724 31 25 58 

93 73 68 80 65 48 72 19 54 77 36 76 30 61 74 71 12 35 87 41 
409 0.55 22 18 40 

15 36 56 17 19 70 69 84 22 89 5 41 26 31 57 66 92 33 81 47 
410 0.55 22 18 40 

5 20 42 94 81 13 31 95 45 47 35 98 2 19 7 36 59 51 40 41 
411 0.55 22 18 40 

37 71 52 98 82 73 12 95 70 56 28 43 77 61 6 39 79 8 81 74 
412 0.55 22 18 40 

53 39 64 75 16 40 32 42 55 35 66 31 45 61 58 90 15 38 97 68 
413 0.55 22 18 40 

23 42 87 70 80 44 24 91 57 45 2 83 96 76 82 55 26 64 17 11 
414 0.55 22 18 40 

96 40 58 52 6 41 16 15 37 57 23 93 5 0 80 24 67 60 39 87 
415 0.547619 23 19 42 

81 54 6 49 74 20 32 93 84 92 26 10 83 57 61 56 77 22 47 7 
416 0.547619 23 19 42 

17 27 77 25 70 49 96 2 26 65 84 36 40 5 72 42 45 15 39 14 
417 0.546875 35 29 64 

77 78 62 93 20 49 95 59 64 60 9 52 28 65 0 1 79 50 11 88 
418 0.545455 24 20 44 

45 88 6 52 69 65 21 16 85 68 86 62 99 92 61 14 71 30 37 89 
419 0.545455 24 20 44 

21 46 28 93 96 78 67 71 27 12 87 59 33 72 10 24 29 48 16 97 
420 0.545455 24 20 44 

88 46 29 68 33 10 41 25 43 6 99 65 51 95 19 5 98 26 79 90 
421 0.545455 12 10 22 

91 60 64 33 41 72 85 45 44 98 83 58 3 99 86 82 28 26 16 18 
422 0.544118 18 15 34 

86 59 29 73 64 3 5 96 0 55 44 26 57 38 60 68 87 24 40 70 
423 0.543478 25 21 46 

72 33 50 7 44 52 86 92 19 3 66 99 12 82 87 91 25 4 36 42 
424 0.543478 25 21 46 

8 39 3 50 37 53 98 16 23 14 69 42 13 75 27 55 5 10 84 76 
425 0.543478 25 21 46 

16 43 46 56 80 93 17 49 0 71 52 75 9 65 42 21 89 98 76 82 
426 0.541667 19 16 36 

38 53 75 99 83 7 45 95 43 28 10 98 4 24 12 63 14 49 30 84 
427 0.54 27 23 50 

10 76 2 87 55 38 23 71 3 94 53 21 80 90 99 96 39 54 64 9 
428 0.54 27 23 50 

81 0 3 93 1 9 73 44 52 31 24 16 92 84 4 82 15 19 49 39 
429 0.54 27 23 50 

33 78 82 94 3 95 80 4 13 88 11 46 63 71 10 30 1 44 96 72 
430 0.538462 14 12 26 

8 0 89 40 81 85 12 50 11 88 15 87 21 68 69 34 93 42 82 78 
431 0.538462 14 12 26 

36 63 91 8 18 74 49 83 45 25 12 44 84 40 76 58 30 14 52 35 
432 0.538462 14 12 26 

34 1 5 37 17 12 61 52 55 47 92 32 68 59 50 54 96 49 28 43 
433 0.538462 14 12 26 

66 96 92 76 63 11 79 57 51 89 94 71 16 27 23 85 47 1 69 10 
434 0.538462 13 11 26 

13 53 31 2 22 65 29 56 51 20 89 37 35 92 8 16 78 36 50 80 
435 0.538462 14 12 26 

84 81 14 67 27 10 31 2 62 78 51 61 66 8 56 17 58 76 9 39 
436 0.5375 21 18 40 

14 8 65 56 90 72 88 7 45 96 77 31 64 36 59 43 78 38 79 66 
437 0.537037 29 25 54 

28 36 54 68 23 26 52 38 92 73 86 59 57 42 37 49 91 72 83 20 
438 0.535714 15 13 28 

88 67 55 83 95 76 82 49 39 98 22 44 2 20 51 80 78 17 58 1 
439 0.535714 22 19 42 

69 12 77 78 73 37 62 17 19 76 65 15 57 64 44 2 9 60 25 1 
440 0.535714 15 13 28 

88 81 49 98 44 60 48 13 14 67 40 19 28 94 82 26 21 91 66 95 
441 0.535714 15 13 28 

9 50 22 45 58 2 5 21 55 18 48 97 70 27 46 60 59 12 78 53 
442 0.533333 32 28 60 

39 82 83 40 75 34 51 43 60 59 54 64 10 95 55 86 3 69 71 2 
443 0.533333 16 14 30 

10 65 63 94 92 42 45 6 85 46 37 28 80 4 90 26 70 69 87 61 
444 0.533333 16 14 30 

41 80 70 21 66 38 71 59 73 53 0 92 42 62 39 90 97 12 15 47 
445 0.533333 16 14 30 

18 32 6 58 12 33 91 79 29 30 67 39 5 87 93 9 17 82 47 10 
446 0.532258 33 29 62 

63 82 14 51 56 33 25 23 6 80 46 86 3 81 64 5 22 48 19 26 
447 0.53125 17 15 32 

60 72 89 29 38 11 2 75 3 25 18 93 20 33 83 67 14 0 15 66 
448 0.529412 18 16 34 

38 90 77 13 81 56 35 82 28 41 40 31 46 70 37 60 3 15 36 29 
449 0.527778 19 17 36 

60 44 6 29 40 32 68 17 42 4 78 91 86 93 18 69 34 67 2 62 
450 0.527778 19 17 36 

6 17 20 0 10 74 63 67 16 85 80 86 7 24 88 58 36 93 55 53 
451 0.527778 19 17 36 

63 64 21 86 82 38 40 80 29 28 27 56 81 76 26 3 4 73 22 78 
452 0.527778 19 17 36 

88 15 73 41 52 16 19 1 27 87 7 46 65 61 56 40 13 75 68 11 
453 0.526316 20 18 38 

22 17 20 28 60 58 83 16 62 34 5 73 69 64 53 67 45 26 47 24 
454 0.526316 20 18 38 

0 28 29 71 17 2 97 11 74 78 35 59 96 20 88 14 73 58 51 18 
455 0.525 21 19 40 

57 78 55 2 22 25 68 37 39 67 56 11 87 80 20 32 59 13 48 7 
456 0.52381 22 20 42 

70 73 93 9 13 32 46 47 83 95 92 60 17 26 78 34 40 90 8 74 
457 0.52381 22 20 42 

95 97 78 9 21 90 60 82 66 52 57 98 65 69 70 23 92 79 42 76 
458 0.52381 22 20 42 

84 26 65 50 82 93 98 31 7 46 95 40 9 72 25 13 91 21 94 47 
459 0.522727 23 21 44 

68 93 12 58 18 62 48 96 13 7 46 80 30 39 42 61 63 21 79 75 
460 0.522727 23 21 44 

92 56 0 65 99 29 30 74 98 63 66 75 48 22 70 71 90 91 73 51 
461 0.522727 23 21 44 

37 63 38 59 1 95 57 74 96 44 76 6 16 3 15 83 91 77 54 58 
462 0.521739 24 22 46 

53 85 87 67 37 12 63 30 23 6 92 65 77 43 35 57 78 72 31 28 
463 0.521739 24 22 46 

89 50 37 33 40 43 36 81 76 25 30 66 32 86 87 94 38 91 22 88 
464 0.521739 24 22 46 

28 59 96 70 27 3 14 88 45 86 52 55 91 39 15 93 30 98 73 79 
465 0.521739 24 22 46 

27 52 33 16 10 61 80 92 87 71 96 49 68 76 34 78 0 2 53 17 
466 0.521739 24 22 46 

93 88 85 29 2 71 69 79 8 77 24 59 21 25 91 75 50 95 62 45 
467 0.520833 25 23 48 

35 6 83 36 42 21 18 80 97 24 87 27 14 93 56 72 46 44 76 65 
468 0.520833 25 23 48 

77 62 19 35 16 50 54 68 99 6 66 43 79 3 72 52 4 36 40 44 
469 0.520833 25 23 48 

61 63 4 48 94 52 41 57 14 91 30 75 10 64 2 88 45 11 23 7 
470 0.52 26 24 50 

23 46 48 91 22 9 82 60 76 8 94 56 52 68 66 96 83 25 75 57 
471 0.519231 27 25 52 

52 99 67 48 18 16 98 90 68 71 19 58 69 89 46 42 95 34 21 0 
472 0.518519 28 26 54 

66 81 85 71 29 7 76 21 73 94 79 32 2 78 43 38 69 34 0 45 
473 0.517857 29 27 56 

38 25 2 86 10 91 8 84 64 90 26 55 54 34 22 73 93 24 69 32 
474 0.517241 30 28 58 

64 54 71 51 21 2 78 57 31 34 73 89 26 74 91 58 17 35 81 86 
475 0.516129 32 30 62 

17 79 28 45 96 88 89 69 21 23 31 58 38 59 24 27 20 73 2 14 
476 0.515625 16 15 32 

95 52 88 37 71 36 98 56 57 86 39 8 60 87 28 48 74 76 68 4 
477 0.514706 17 16 34 

55 76 66 67 71 6 65 32 42 73 34 77 94 50 87 93 48 1 64 31 
478 0.5125 20 19 40 

35 16 95 66 5 36 90 72 6 52 76 50 89 58 47 15 43 86 94 4 
479 0.511364 21 20 44 

93 76 92 42 27 90 60 97 4 63 61 45 22 25 91 39 98 3 99 80 
480 0.511364 22 21 44 

78 47 74 23 79 85 41 1 21 9 56 39 62 29 70 20 67 12 81 71 
481 0.5 13 13 26 

0 80 47 81 42 35 91 49 68 48 10 82 50 14 24 56 78 61 38 31 
482 0.5 19 19 38 

66 0 20 47 45 54 82 46 42 5 79 48 24 52 35 75 16 30 93 8 
483 0.5 19 19 38 

33 6 16 57 10 84 9 40 68 35 86 44 31 92 52 24 2 83 3 11 
484 0.5 28 28 56 

32 26 37 80 83 65 0 52 62 75 18 30 20 16 90 63 13 50 8 87 
485 0.5 22 22 44 

42 95 73 82 62 17 87 45 63 54 77 90 79 4 38 13 41 96 97 37 
486 0.5 25 25 50 

14 3 53 21 20 88 96 15 66 12 33 57 38 90 35 41 23 36 13 69 
487 0.5 16 16 32 

51 4 52 99 63 29 83 73 58 81 19 60 82 67 18 10 54 84 14 74 
488 0.5 15 15 30 

53 4 41 15 8 22 68 20 21 46 34 59 93 88 16 14 7 91 99 60 
489 0.5 22 22 44 

5 19 39 55 68 54 46 10 6 44 94 75 48 58 90 41 62 30 47 91 
490 0.5 20 20 40 

48 31 38 2 92 22 68 58 71 89 20 41 26 17 67 79 87 93 42 78 
491 0.5 14 14 28 

10 41 91 47 1 90 13 25 96 84 95 4 24 85 76 86 87 18 62 9 
492 0.5 22 22 44 

9 38 53 89 41 1 60 7 93 61 91 80 46 69 97 32 18 64 84 14 
493 0.5 11 11 22 

67 0 76 59 96 86 3 25 41 73 52 74 15 30 35 10 79 13 2 49 
494 0.5 19 19 38 

25 26 9 28 38 11 67 83 39 37 4 7 68 93 1 75 51 21 94 80 
495 0.5 13 13 26 

27 30 0 76 19 50 70 46 34 47 38 56 64 78 82 61 26 6 89 57 
496 0.5 25 25 50 

87 89 19 28 23 39 8 75 43 72 85 54 56 97 29 18 94 10 13 45 
497 0.5 24 24 48 

67 31 58 75 9 38 61 2 39 8 51 35 87 66 26 65 64 76 1 13 
498 0.5 16 16 32 

2 41 40 28 97 85 98 54 90 15 3 86 49 43 45 70 50 61 93 80 
499 0.5 22 22 44 

19 33 5 41 43 23 40 12 10 99 16 39 24 46 47 7 38 27 71 25 
500 0.5 21 21 42 

0 12 60 88 75 87 48 31 77 4 29 50 37 13 45 34 74 7 76 62 
501 0.5 11 11 22 

63 62 83 85 80 0 6 55 49 24 34 65 35 12 27 40 73 51 21 43 
502 0.5 25 25 50 

28 46 73 23 29 74 80 68 15 36 89 91 87 40 75 63 60 31 85 41 
503 0.5 31 31 62 

70 74 24 8 87 83 18 90 26 25 39 98 14 99 41 89 58 28 43 94 
504 0.5 27 27 54 

90 27 38 66 37 58 61 91 78 4 20 29 16 99 80 49 67 85 51 70 
505 0.5 24 24 48 

34 72 17 21 44 12 52 95 5 81 10 78 31 76 18 33 62 79 23 8 
506 0.5 25 25 50 

46 97 99 32 83 87 42 15 66 27 26 14 0 3 9 49 56 57 22 17 
507 0.5 15 15 30 

66 77 89 61 10 54 7 96 80 50 28 88 12 55 26 27 91 97 8 47 
508 0.5 17 17 34 

92 47 26 34 69 73 98 80 86 56 5 43 25 23 53 57 71 17 95 11 
509 0.5 18 18 36 

12 48 87 81 67 68 2 0 1 3 69 80 17 8 91 66 72 39 77 64 
510 0.5 21 21 42 

71 36 48 26 92 5 78 39 30 57 41 49 13 63 90 94 22 65 88 32 
511 0.5 28 28 56 

36 72 69 47 75 73 77 80 91 53 83 3 38 5 17 13 52 39 14 66 
512 0.5 19 19 38 

18 77 30 45 75 22 80 97 73 24 2 95 0 64 96 14 98 12 92 27 
513 0.5 19 19 38 

82 35 90 3 51 39 89 78 34 94 92 69 37 85 48 14 83 91 13 63 
514 0.5 16 16 32 

44 81 95 63 17 94 24 37 50 3 87 79 74 73 91 0 66 64 35 23 
515 0.5 24 24 48 

91 43 2 11 92 46 81 72 38 80 96 68 74 21 82 19 44 84 55 53 
516 0.5 20 20 40 

59 98 56 85 0 32 30 90 41 33 83 58 45 31 54 82 27 87 21 79 
517 0.5 20 20 40 

22 62 81 56 40 32 75 43 66 55 94 83 42 2 59 74 82 25 13 99 
518 0.5 21 21 42 

13 87 60 76 94 39 25 33 26 7 82 11 24 79 21 65 18 44 74 0 
519 0.5 16 16 32 

3 55 84 0 81 48 25 57 15 45 78 47 27 97 70 60 16 79 63 32 
520 0.5 16 16 32 

24 37 72 83 99 1 54 50 92 75 57 44 84 19 81 47 67 7 43 53 
521 0.5 19 19 38 

22 62 42 72 45 13 24 51 73 75 32 41 17 39 95 90 0 92 2 30 
522 0.5 17 17 34 

51 16 63 43 15 26 67 72 93 65 32 88 37 47 33 38 25 99 50 45 
523 0.5 14 14 28 

95 10 57 6 39 40 88 32 18 14 63 60 51 79 96 33 21 7 71 89 
524 0.5 14 14 28 

61 87 17 71 32 56 93 62 77 68 39 91 79 66 22 60 44 34 45 18 
525 0.5 22 22 44 

37 65 32 88 93 62 1 2 75 10 70 61 38 68 82 26 73 28 97 74 
526 0.5 20 20 40 

31 46 10 89 35 44 32 73 59 26 25 41 50 43 70 96 22 94 0 93 
527 0.5 21 21 42 

67 8 7 20 54 76 6 42 81 59 19 31 1 69 83 17 35 24 85 3 
528 0.5 18 18 36 

92 89 51 23 71 32 67 64 14 17 43 40 83 91 75 47 88 86 22 82 
529 0.488095 20 21 42 

19 43 0 74 36 21 76 22 38 1 18 57 72 64 65 87 41 99 5 31 
530 0.488095 20 21 42 

15 7 22 56 16 89 31 75 76 30 32 39 48 91 14 97 17 60 64 19 
531 0.4875 19 20 40 

40 93 34 46 50 99 27 66 65 1 71 19 4 76 64 77 83 30 15 80 
532 0.485294 16 17 34 

76 96 22 62 55 99 89 1 43 68 65 7 11 88 63 20 5 67 77 71 
533 0.481481 26 28 54 

47 26 30 64 44 28 17 12 74 7 87 80 81 25 60 13 50 40 8 66 
534 0.480769 25 27 52 

72 30 24 59 8 39 5 43 20 87 86 29 77 18 27 89 13 75 51 54 
535 0.480769 25 27 52 

55 99 60 43 23 71 56 15 41 38 97 0 22 72 44 12 91 52 25 29 
536 0.480769 25 27 52 

30 19 18 97 26 81 70 59 28 10 75 93 40 77 16 82 0 99 32 34 
537 0.479167 23 25 48 

77 24 6 94 22 87 64 61 35 33 8 52 39 29 0 76 80 31 16 13 
538 0.479167 23 25 48 

97 37 24 81 62 78 79 96 6 89 85 65 38 60 27 92 69 7 49 84 
539 0.479167 23 25 48 

61 55 77 41 9 83 96 95 65 20 5 40 29 85 42 14 91 97 90 59 
540 0.479167 23 25 48 

2 92 19 33 32 97 88 54 95 93 6 3 91 83 99 28 66 34 84 78 
541 0.478261 22 24 46 

20 77 2 26 85 33 43 30 84 87 95 13 83 7 57 45 39 51 19 81 
542 0.478261 22 24 46 

81 53 79 74 3 82 80 37 86 71 44 42 49 54 21 78 43 57 33 13 
543 0.478261 22 24 46 

71 6 79 58 88 62 47 67 5 1 99 17 10 40 95 24 84 77 2 74 
544 0.478261 22 24 46 

97 69 70 36 38 14 27 6 11 39 33 77 21 28 13 66 54 18 60 24 
545 0.477273 21 23 44 

24 94 56 11 41 50 71 39 79 10 78 88 48 38 62 23 59 43 97 8 
546 0.477273 21 23 44 

32 0 33 44 18 68 10 51 14 62 4 88 39 6 67 21 50 7 78 41 
547 0.47619 20 22 42 

82 18 91 53 52 45 55 5 76 7 89 47 98 92 40 43 56 60 62 68 
548 0.475 19 21 40 

74 22 61 59 18 72 1 21 32 27 63 46 5 56 8 73 81 33 47 68 
549 0.475 19 21 40 

50 59 78 67 56 23 96 74 0 98 36 62 48 61 40 1 55 71 43 51 
550 0.475 19 21 40 

2 61 70 13 22 31 15 63 49 72 28 40 64 78 56 55 95 60 41 20 
551 0.475 19 21 40 

71 77 25 9 92 63 97 12 2 30 78 29 34 36 57 17 91 75 33 73 
552 0.473684 18 20 38 

22 51 63 5 13 21 49 11 24 77 78 80 95 8 37 55 3 23 73 19 
553 0.473684 18 20 38 

41 33 29 48 60 18 38 44 90 83 24 9 8 84 23 7 6 13 94 89 
554 0.473684 18 20 38 

58 96 48 73 72 94 27 88 75 91 50 31 0 51 53 30 15 47 44 86 
555 0.473684 18 20 38 

85 63 91 95 16 39 70 37 9 73 8 54 60 96 36 81 84 57 56 47 
556 0.473684 18 20 38 

43 19 61 28 76 55 10 63 30 14 88 84 37 51 68 57 86 81 95 91 
557 0.473684 18 20 38 

64 81 36 69 70 93 41 44 27 96 58 23 29 33 92 67 86 51 19 73 
558 0.473684 18 20 38 

36 51 52 42 4 74 2 48 29 72 32 28 8 98 20 38 62 97 57 27 
559 0.472222 17 19 36 

86 32 15 50 89 10 83 77 7 97 73 55 63 25 41 92 67 66 24 79 
560 0.472222 17 19 36 

44 15 5 24 94 86 66 30 11 14 97 93 8 32 57 2 87 48 35 54 
561 0.472222 17 19 36 

70 72 78 75 59 45 94 91 44 46 14 85 86 60 20 53 16 19 31 49 
562 0.472222 17 19 36 

48 88 64 19 68 65 21 89 75 10 53 54 69 4 66 11 26 74 82 43 
563 0.472222 17 19 36 

55 80 24 52 36 7 27 8 73 49 28 17 0 95 1 10 76 5 35 41 
564 0.472222 17 19 36 

14 4 74 40 51 0 13 93 19 9 89 88 42 28 63 69 85 47 29 86 
565 0.470588 16 18 34 

47 49 37 75 74 16 5 14 25 2 96 41 51 13 21 7 44 10 94 20 
566 0.470588 16 18 34 

72 54 34 30 90 3 46 35 82 21 70 65 14 89 94 86 27 59 83 43 
567 0.470588 16 18 34 

0 68 47 94 46 83 5 55 8 2 71 6 65 37 79 76 75 1 41 51 
568 0.46875 22 25 48 

65 12 11 43 73 98 52 29 84 14 97 74 70 50 41 66 55 75 56 45 
569 0.46875 15 17 32 

17 58 41 39 52 86 11 10 19 5 77 49 7 66 30 70 98 67 1 4 
570 0.467391 21 24 46 

45 47 39 54 41 37 1 65 34 44 18 60 31 97 46 64 81 99 66 72 
571 0.466667 14 16 30 

77 91 62 39 83 3 12 74 30 13 57 28 33 60 29 9 98 41 54 82 
572 0.466667 14 16 30 

92 38 78 7 13 77 84 41 57 12 39 14 53 20 93 19 16 30 66 15 
573 0.466667 14 16 30 

56 70 21 90 69 14 8 34 17 0 6 82 19 61 50 1 92 37 73 3 
574 0.466667 14 16 30 

98 39 60 9 77 88 19 52 67 86 55 76 65 84 42 1 80 90 79 17 
575 0.464286 13 15 28 

27 78 60 95 69 98 32 39 63 14 1 76 86 55 90 57 25 41 22 7 
576 0.464286 13 15 28 

26 61 74 67 41 8 58 30 11 60 82 44 25 35 77 20 87 18 99 63 
577 0.464286 13 15 28 

24 64 4 59 16 3 51 67 89 42 32 80 12 6 17 73 72 87 71 15 
578 0.462963 25 29 54 

70 6 41 59 20 5 74 88 15 63 56 81 47 62 72 94 98 77 11 97 
579 0.462963 25 29 54 

46 89 29 87 78 56 81 65 82 28 38 16 88 27 71 6 76 98 85 79 
580 0.4625 17 20 40 

50 87 61 47 53 58 40 98 2 31 57 43 80 30 76 32 95 97 55 36 
581 0.4625 18 21 40 

35 91 60 30 10 9 87 44 80 37 4 24 26 81 74 48 19 97 3 59 
582 0.461538 12 14 26 

14 81 5 86 92 25 72 40 2 66 68 32 83 3 57 33 20 21 19 90 
583 0.461538 12 14 26 

52 18 66 40 75 56 17 77 80 54 15 38 45 33 64 70 61 53 35 94 
584 0.461538 12 14 26 

83 33 61 64 4 24 3 14 55 88 38 59 5 62 21 86 22 54 25 19 
585 0.461538 24 28 52 

90 44 6 59 32 38 5 70 77 1 12 43 82 79 58 34 76 15 73 31 
586 0.460526 17 20 38 

81 71 27 65 15 99 91 75 63 79 67 0 59 23 74 28 90 88 12 82 
587 0.46 23 27 50 

40 31 3 46 45 2 74 67 1 85 73 88 42 13 75 57 0 23 21 71 
588 0.46 23 27 50 

91 47 55 94 27 71 43 70 39 8 81 14 20 45 83 85 37 26 24 96 
589 0.458333 22 26 48 

32 88 81 65 39 4 40 56 31 75 61 83 33 0 45 15 21 68 13 29 
590 0.458333 22 26 48 

47 15 0 39 11 23 24 16 41 86 95 14 67 27 58 60 19 76 37 59 
591 0.456522 21 25 46 

83 73 30 66 29 70 1 82 34 3 84 95 28 98 8 33 61 24 19 46 
592 0.454545 20 24 44 

59 42 16 82 34 21 72 3 28 60 56 15 19 24 13 91 95 85 90 79 
593 0.452381 19 23 42 

53 40 76 54 72 37 29 22 25 44 68 66 88 3 89 85 87 49 30 95 
594 0.451923 23 28 52 

23 12 78 14 7 4 41 86 29 67 53 98 45 35 17 3 50 55 34 76 
595 0.451613 28 34 62 

84 31 57 4 55 7 56 67 96 8 30 97 49 75 44 89 35 15 94 21 
596 0.45 18 22 40 

82 54 55 47 9 81 0 25 22 56 21 12 32 80 46 59 29 78 90 88 
597 0.45 18 22 40 

57 7 89 17 4 12 71 84 37 31 99 59 82 66 93 19 35 53 63 87 
598 0.45 27 33 60 

61 97 76 32 72 41 19 67 21 38 17 77 58 74 69 10 89 53 2 15 
599 0.45 22 27 50 

83 30 57 68 26 66 15 79 81 88 34 89 8 17 82 85 64 44 19 5 
600 0.45 18 22 40 

86 59 49 70 43 9 89 92 58 69 67 27 11 18 47 94 12 23 31 62 
601 0.447368 17 21 38 

42 91 43 89 15 33 81 86 36 55 77 24 31 6 32 76 97 88 39 45 
602 0.447368 17 21 38 

21 19 9 53 46 22 86 41 62 33 40 36 68 94 99 65 29 84 55 51 
603 0.447368 17 21 38 

73 81 1 59 18 27 38 29 24 2 5 25 82 61 39 94 37 48 3 46 
604 0.447368 17 21 38 

62 30 75 15 11 17 32 24 60 3 85 47 74 64 96 58 4 78 37 20 
605 0.446429 12 15 28 

25 98 18 83 85 41 87 88 3 76 11 79 91 56 95 24 42 70 52 28 
606 0.445652 20 25 46 

31 96 16 22 81 62 39 42 75 36 18 41 9 63 78 88 49 73 92 29 
607 0.444444 24 30 54 

98 84 78 28 47 21 41 80 2 53 42 87 18 12 89 62 76 48 82 35 
608 0.444444 16 20 36 

13 92 14 48 75 81 29 90 60 63 47 54 40 51 41 62 55 30 78 16 
609 0.444444 16 20 36 

43 7 38 53 68 66 16 18 72 70 85 82 2 8 98 79 99 97 93 60 
610 0.444444 16 20 36 

21 39 89 56 74 76 68 16 51 37 23 77 67 97 14 20 78 10 12 65 
611 0.444444 16 20 36 

23 53 96 87 57 64 19 14 38 12 68 13 74 11 42 9 94 35 37 93 
612 0.444444 16 20 36 

37 35 79 31 55 0 14 40 98 54 11 73 7 86 23 58 76 90 21 74 
613 0.443182 19 24 44 

95 79 64 48 85 56 73 67 23 82 61 0 8 77 14 17 71 2 59 76 
614 0.443182 19 24 44 

96 4 67 13 47 73 31 86 57 63 12 90 88 38 2 41 27 39 25 62 
615 0.441176 15 19 34 

43 75 27 86 7 81 0 61 28 18 29 41 51 17 40 94 39 26 71 54 
616 0.441176 15 19 34 

66 58 83 16 11 93 40 86 14 43 29 96 30 61 68 67 41 25 87 89 
617 0.441176 15 19 34 

59 84 62 91 31 12 51 9 44 27 38 99 47 89 30 55 11 5 45 94 
618 0.441176 15 19 34 

21 1 40 23 83 73 69 58 50 96 6 63 51 61 62 22 55 37 54 14 
619 0.441176 15 19 34 

64 2 69 19 32 26 62 68 23 96 57 27 13 94 71 21 20 89 63 92 
620 0.441176 15 19 34 

66 42 54 98 19 3 0 40 60 63 5 61 7 32 46 51 45 28 36 8 
621 0.441176 15 19 34 

84 43 50 79 30 34 55 75 69 83 72 3 88 27 38 99 60 91 37 52 
622 0.4375 14 18 32 

57 6 78 0 56 76 26 74 96 16 42 84 30 98 87 64 21 48 10 54 
623 0.4375 14 18 32 

46 12 15 29 89 73 22 82 98 56 55 37 30 17 80 48 95 23 77 53 
624 0.4375 14 18 32 

17 26 19 8 93 7 42 40 3 43 24 44 90 71 14 33 75 46 41 64 
625 0.4375 21 27 48 

91 30 96 41 86 27 89 63 21 45 24 81 59 40 7 71 61 54 32 92 
626 0.434783 20 26 46 

5 71 80 4 54 30 89 48 92 49 82 6 61 70 88 42 37 60 20 75 
627 0.434783 20 26 46 

20 76 38 66 44 18 0 71 11 87 82 84 31 97 37 68 85 69 45 95 
628 0.434783 20 26 46 

94 43 72 19 85 60 24 29 68 62 83 89 13 55 92 11 18 57 33 6 
629 0.434783 20 26 46 

7 56 55 64 29 15 83 26 61 70 59 58 50 21 84 11 32 97 47 90 
630 0.434783 20 26 46 

17 99 86 14 91 90 62 50 19 10 94 81 12 4 67 9 2 51 34 42 
631 0.434211 16 21 38 

56 77 95 47 96 98 70 29 2 8 68 5 11 54 6 67 53 21 62 23 
632 0.431818 19 25 44 

22 67 79 23 30 46 68 52 8 62 18 9 17 48 71 85 31 69 58 25 
633 0.431818 19 25 44 

55 1 41 62 33 7 68 43 49 59 21 81 15 47 77 56 26 72 36 84 
634 0.431818 19 25 44 

1 97 18 51 73 34 71 83 88 11 98 85 5 76 78 46 13 27 29 45 
635 0.431818 19 25 44 

45 90 99 27 58 20 85 15 94 64 21 63 4 69 54 62 28 70 42 59 
636 0.431818 19 25 44 

31 57 2 99 5 72 56 73 70 93 18 39 76 22 53 6 98 62 75 1 
637 0.431034 24 32 58 

7 22 58 61 73 89 45 78 56 30 31 23 85 0 95 16 6 14 60 76 
638 0.428571 12 16 28 

77 97 57 25 24 43 92 96 2 44 5 69 88 40 53 49 82 47 8 95 
639 0.428571 12 16 28 

36 51 96 49 5 98 8 35 75 40 97 63 32 10 48 85 37 20 17 47 
640 0.428571 18 24 42 

18 30 58 78 16 40 88 85 0 50 56 29 89 99 25 96 41 9 73 80 
641 0.428571 24 32 56 

66 5 33 90 18 60 10 12 45 4 83 78 39 36 72 47 94 82 73 8 
642 0.428571 12 16 28 

40 88 24 38 26 47 96 7 14 93 48 87 81 77 52 69 18 39 37 63 
643 0.428571 18 24 42 

98 30 0 97 28 53 7 38 57 52 60 50 35 86 54 14 31 3 73 59 
644 0.428571 18 24 42 

19 54 17 83 96 93 5 85 47 55 4 94 68 87 46 81 49 37 26 14 
645 0.428571 18 24 42 

28 14 40 88 20 34 5 10 3 57 81 58 76 73 54 66 1 48 61 99 
646 0.427083 20 27 48 

56 15 59 10 90 94 85 25 80 53 17 28 96 13 5 38 14 18 1 64 
647 0.425 17 23 40 

63 78 43 47 2 89 64 45 37 26 82 1 35 8 90 75 96 70 99 58 
648 0.425 17 23 40 

38 30 99 0 23 2 21 28 52 87 42 82 81 10 84 88 86 57 17 35 
649 0.424242 28 38 66 

9 26 74 6 79 56 14 87 99 97 70 66 90 48 52 44 2 67 4 57 
650 0.423077 22 30 52 

47 11 88 73 26 3 45 22 98 44 93 95 35 85 4 36 82 1 0 89 
651 0.421053 16 22 38 

44 49 77 86 98 71 50 36 99 28 24 35 73 22 17 10 11 53 74 7 
652 0.421053 16 22 38 

63 55 78 90 50 49 10 27 17 44 19 86 46 73 35 38 97 69 33 0 
653 0.421053 16 22 38 

16 9 31 76 40 13 52 68 87 44 19 56 55 17 26 86 88 96 33 30 
654 0.420455 18 25 44 

95 54 36 97 77 86 48 87 27 26 16 51 82 61 47 57 3 44 18 71 
655 0.42 21 29 50 

22 36 71 81 20 96 90 79 54 72 53 9 66 83 2 64 17 38 31 74 
656 0.42 21 29 50 

69 46 67 29 45 24 91 49 84 66 60 81 71 12 20 87 44 55 26 70 
657 0.416667 15 21 36 

28 37 77 86 4 51 60 21 64 80 19 26 88 63 22 90 66 87 42 89 
658 0.416667 20 28 48 

75 47 84 34 74 99 65 12 54 51 24 62 67 32 88 90 64 97 85 69 
659 0.416667 20 28 48 

41 46 56 73 4 29 15 77 58 54 8 68 55 60 99 57 84 67 51 88 
660 0.416667 20 28 48 

53 37 26 0 94 17 8 73 70 33 54 6 30 80 60 27 40 13 62 97 
661 0.416667 15 21 36 

10 88 57 80 32 59 49 41 96 89 97 78 21 63 98 16 17 69 35 94 
662 0.416667 10 14 24 

17 58 32 37 7 26 40 79 96 55 23 46 77 24 63 21 11 16 10 82 
663 0.413043 19 27 46 

15 76 3 47 82 97 36 27 52 94 81 31 88 98 71 67 25 85 19 42 
664 0.4125 16 23 40 

79 40 59 7 74 81 26 62 45 4 92 16 9 36 57 6 3 42 80 30 
665 0.4125 16 23 40 

74 36 24 65 10 44 76 25 53 51 62 42 82 37 75 30 47 21 63 43 
666 0.411765 14 20 34 

76 79 11 92 31 22 8 10 93 90 82 73 35 9 64 17 23 15 1 12 
667 0.411765 14 20 34 

92 52 95 43 53 99 41 72 69 50 73 15 9 40 6 60 28 14 54 5 
668 0.411765 14 20 34 

59 26 34 96 71 6 24 2 49 3 10 23 17 69 43 8 56 55 22 98 
669 0.409091 18 26 44 

97 1 43 61 37 4 42 87 70 25 19 29 17 91 81 10 71 14 85 15 
670 0.409091 18 26 44 

88 58 47 35 80 79 37 83 63 34 40 78 65 29 71 9 31 64 27 96 
671 0.409091 9 13 22 

76 50 72 5 15 10 92 42 89 18 62 29 43 34 28 77 37 23 33 0 
672 0.40625 13 19 32 

7 62 36 85 18 87 20 98 86 78 24 70 55 29 75 8 31 93 32 90 
673 0.40625 13 19 32 

28 51 65 37 18 69 44 93 34 1 61 53 9 76 84 57 35 99 95 13 
674 0.40625 13 19 32 

43 72 86 17 73 16 19 18 79 85 74 1 51 4 55 69 84 93 26 29 
675 0.404762 17 25 42 

3 23 83 38 54 30 42 24 6 49 33 55 96 39 77 56 7 81 9 27 
676 0.403846 21 31 52 

10 69 22 86 76 44 78 0 94 31 50 56 46 40 79 47 72 65 64 17 
677 0.402778 14 21 36 

42 52 72 86 51 17 89 40 97 7 83 76 11 50 49 16 22 13 29 23 
678 0.401786 22 33 56 

70 97 94 46 68 22 17 33 40 37 10 59 89 77 47 41 27 34 95 86 
679 0.4 12 18 30 

91 42 38 64 90 2 23 9 62 16 57 50 85 49 54 0 33 35 74 71 
680 0.4 16 24 40 

71 25 84 9 48 28 77 20 33 11 79 16 30 59 41 43 58 96 53 36 
681 0.4 12 18 30 

33 0 96 29 69 44 88 83 53 21 50 80 98 28 30 8 60 20 32 72 
682 0.4 12 18 30 

41 72 1 16 89 19 74 58 82 18 21 36 83 79 53 93 78 67 47 22 
683 0.4 16 24 40 

46 35 5 3 40 32 62 49 2 11 8 26 82 48 79 57 43 72 55 39 
684 0.4 20 30 50 

53 69 51 67 47 99 85 43 96 65 92 73 27 56 60 32 33 25 17 7 
685 0.4 12 18 30 

7 6 41 79 28 84 50 11 22 10 25 13 97 69 34 21 29 46 73 92 
686 0.4 20 30 50 

17 61 76 31 33 77 35 67 50 57 97 32 47 1 25 30 21 40 92 75 
687 0.397059 27 41 68 

31 28 16 98 71 82 38 26 89 63 96 27 45 2 24 87 10 59 74 25 
688 0.396552 23 35 58 

41 91 35 29 60 69 3 6 25 10 27 56 15 62 87 97 30 5 31 42 
689 0.394737 15 23 38 

66 7 10 21 94 96 86 93 80 6 16 23 34 55 39 67 0 26 54 33 
690 0.394737 15 23 38 

33 99 19 92 75 8 70 23 3 67 27 79 46 26 50 17 66 57 24 78 
691 0.394737 15 23 38 

61 46 21 13 65 19 36 49 28 58 85 2 1 76 74 57 64 94 86 77 
692 0.394737 15 23 38 

50 0 2 99 8 90 44 55 88 89 61 37 11 4 31 81 86 67 29 7 
693 0.394737 15 23 38 

82 56 99 1 10 64 2 61 9 19 29 93 25 74 13 87 4 31 18 91 
694 0.392857 11 17 28 

61 99 20 53 77 86 3 42 8 44 4 27 43 17 84 49 56 36 19 31 
695 0.392857 11 17 28 

42 7 81 24 80 94 75 41 1 78 96 53 5 26 98 66 76 59 16 40 
696 0.392857 22 34 56 

60 67 43 71 88 36 54 49 63 90 79 10 59 2 9 12 33 29 16 51 
697 0.392857 11 17 28 

76 13 6 60 63 66 53 70 80 86 91 32 98 99 14 72 46 28 20 15 
698 0.392857 22 34 56 

23 60 47 97 30 36 75 95 35 72 7 11 33 5 21 94 44 76 79 63 
699 0.392857 11 17 28 

21 9 36 43 32 59 50 48 72 66 28 16 45 86 0 40 20 68 55 44 
700 0.392857 11 17 28 

8 30 6 1 2 35 14 81 53 27 19 76 21 80 75 83 98 16 47 24 
701 0.392857 11 17 28 

20 51 35 8 28 13 47 75 79 55 2 62 50 84 24 64 19 0 92 29 
702 0.391304 18 28 46 

79 95 86 37 71 78 53 20 28 10 72 54 63 27 67 90 15 40 24 74 
703 0.391304 18 28 46 

88 26 3 69 16 47 34 68 31 73 64 18 11 22 48 97 62 74 1 92 
704 0.391304 18 28 46 

25 53 67 37 90 82 41 66 91 18 19 60 81 11 69 64 1 42 38 95 
705 0.388889 14 22 36 

37 79 69 59 1 94 45 84 62 2 87 20 10 33 93 81 52 70 91 89 
706 0.388889 21 33 54 

47 48 67 87 13 96 14 80 50 84 69 60 72 43 91 99 78 23 94 82 
707 0.388889 21 33 54 

10 97 25 84 41 77 1 95 3 16 52 70 94 62 50 34 32 13 60 9 
708 0.388889 14 22 36 

52 85 43 63 99 57 14 9 37 61 5 56 39 95 27 88 38 80 75 51 
709 0.3875 15 24 40 

84 39 24 98 87 36 30 18 70 97 91 93 27 6 88 12 2 94 57 4 
710 0.386364 17 27 44 

82 8 84 79 21 88 23 16 46 37 51 32 72 87 81 95 26 57 83 94 
711 0.386364 17 27 44 

64 18 85 68 34 9 7 28 96 44 19 22 54 6 84 55 70 43 23 86 
712 0.386364 17 27 44 

85 35 15 18 25 31 59 28 23 0 97 63 68 70 7 13 49 54 83 33 
713 0.384615 10 16 26 

6 69 13 46 42 75 78 81 59 52 23 62 61 96 74 35 50 55 53 84 
714 0.384615 20 32 52 

28 23 63 35 18 1 79 7 8 75 14 16 25 29 36 61 53 92 34 88 
715 0.383929 21 34 56 

66 95 89 0 87 68 99 90 76 28 2 86 27 7 15 72 55 9 74 59 
716 0.383333 11 18 30 

62 36 42 35 67 89 57 60 84 79 87 97 31 44 28 80 25 61 58 16 
717 0.382353 26 42 68 

96 53 0 31 64 74 70 93 26 73 59 89 57 9 8 68 91 25 56 94 
718 0.382353 13 21 34 

92 63 42 31 96 80 95 52 50 88 74 83 34 15 54 68 85 18 64 40 
719 0.382353 13 21 34 

98 69 93 67 16 42 1 20 5 82 91 14 50 15 10 0 80 86 87 40 
720 0.381579 14 23 38 

92 26 55 35 87 21 99 15 23 24 74 17 73 88 25 0 83 41 80 97 
721 0.380952 16 26 42 

35 91 97 76 96 85 5 62 23 47 28 3 66 15 59 64 68 32 49 25 
722 0.380952 16 26 42 

14 41 71 7 18 92 29 55 13 9 83 42 78 22 99 37 60 81 50 35 
723 0.375 18 30 48 

1 60 82 17 81 22 20 99 62 73 5 59 72 29 74 24 78 70 52 15 
724 0.375 18 30 48 

60 69 17 56 49 15 71 54 80 38 12 70 42 19 33 23 99 61 63 59 
725 0.375 12 20 32 

76 41 5 42 30 51 82 47 66 57 98 54 81 19 50 23 8 43 14 24 
726 0.375 19 32 52 

89 2 15 10 34 67 85 28 59 60 8 91 95 31 57 86 32 84 11 33 
727 0.375 19 32 52 

53 69 34 96 19 95 68 47 48 28 2 93 57 86 51 31 61 92 39 71 
728 0.375 18 30 48 

94 56 60 77 25 37 6 31 83 88 29 24 89 85 10 1 58 13 62 34 
729 0.375 18 30 48 

23 9 42 67 96 91 48 76 64 34 66 92 51 8 22 2 62 63 28 50 
730 0.375 10 17 28 

35 46 54 97 7 3 90 86 40 29 9 1 10 22 61 45 12 56 96 51 
731 0.375 12 20 32 

69 76 65 37 78 88 43 72 33 40 35 94 28 47 89 52 44 2 30 23 
732 0.375 12 20 32 

97 72 89 13 4 14 83 26 41 64 50 76 67 29 6 91 23 34 68 53 
733 0.370968 23 39 62 

48 54 5 68 18 64 66 15 76 62 70 32 59 6 21 51 83 56 44 90 
734 0.37037 19 33 54 

28 82 31 76 61 57 81 35 32 63 85 41 58 50 40 53 39 92 77 26 
735 0.369565 17 29 46 

86 63 92 96 84 83 24 39 76 89 14 33 97 78 69 6 54 94 77 18 
736 0.369565 17 29 46 

86 26 3 20 11 60 78 27 37 72 22 31 13 9 39 21 70 96 51 76 
737 0.369565 16 28 46 

4 9 48 27 67 53 69 98 14 79 25 94 81 72 90 93 37 7 36 47 
738 0.368421 14 24 38 

37 20 66 95 68 61 25 33 31 23 87 8 55 98 6 97 76 57 89 96 
739 0.368421 14 24 38 

26 51 84 74 10 27 43 63 20 54 77 69 97 8 30 87 92 94 45 79 
740 0.368421 14 24 38 

17 33 46 27 22 90 2 41 82 58 99 84 60 71 13 97 16 10 67 15 
741 0.368421 14 24 38 

17 29 26 55 1 87 0 70 6 48 75 74 15 59 73 20 47 16 42 99 
742 0.368421 14 24 38 

10 47 51 67 33 16 69 98 31 91 32 46 19 74 68 4 8 99 37 84 
743 0.366667 11 19 30 

43 87 2 11 42 46 12 35 48 25 37 94 29 79 1 13 75 40 88 78 
744 0.366667 11 19 30 

58 53 37 84 64 39 40 70 18 17 24 12 69 15 2 59 50 5 44 45 
745 0.366667 22 38 60 

6 51 7 80 36 22 77 0 53 74 42 47 40 14 93 82 37 8 59 10 
746 0.366667 11 19 30 

31 37 80 19 62 91 16 22 87 25 81 86 84 4 49 96 41 34 28 74 
747 0.364583 17 30 48 

14 61 98 53 11 76 1 26 70 64 28 68 86 59 31 75 63 73 16 83 
748 0.363636 16 28 44 

66 12 31 61 86 4 69 6 49 85 30 5 17 77 28 7 95 26 62 82 
749 0.363636 16 28 44 

78 27 21 44 48 29 97 63 52 87 84 81 42 10 9 37 56 8 72 31 
750 0.363636 16 28 44 

86 47 52 1 84 88 57 51 26 98 31 53 40 6 82 89 15 17 75 35 
751 0.36 18 32 50 

70 96 83 32 57 72 46 86 43 64 19 44 78 71 74 56 29 16 4 84 
752 0.36 18 32 50 

73 90 4 44 5 11 2 93 82 84 77 14 50 25 15 36 94 53 70 45 
753 0.359375 11 20 32 

24 29 26 55 66 45 83 44 14 1 11 28 75 3 42 82 0 35 95 5 
754 0.357143 15 27 42 

53 55 16 43 11 97 76 14 84 74 0 23 75 9 80 93 94 40 69 35 
755 0.357143 15 27 42 

86 53 19 13 10 47 72 87 68 30 99 89 29 85 7 38 64 88 51 90 
756 0.357143 15 27 42 

52 64 73 7 58 90 2 53 49 86 84 40 43 31 4 29 12 9 37 96 
757 0.357143 15 27 42 

27 50 88 66 67 84 77 45 20 1 44 98 33 19 51 79 93 54 15 11 
758 0.357143 10 18 28 

78 45 62 9 10 69 43 29 28 73 19 87 99 22 26 32 40 61 79 47 
759 0.357143 15 27 42 

34 93 86 78 6 15 82 52 72 99 33 20 8 44 62 71 1 48 22 64 
760 0.357143 20 36 56 

89 88 79 86 97 83 60 55 29 76 44 69 91 32 94 90 30 73 45 95 
761 0.357143 15 27 42 

45 13 26 66 12 44 49 98 43 94 36 55 31 82 33 14 19 68 90 51 
762 0.357143 20 36 56 

41 93 77 89 34 0 64 75 56 31 63 62 36 48 45 42 43 96 37 60 
763 0.354839 22 40 62 

71 13 62 47 18 43 59 77 82 74 53 24 46 72 4 79 26 5 60 35 
764 0.354167 17 31 48 

86 14 8 3 93 9 88 48 5 71 22 45 6 90 94 7 56 78 31 23 
765 0.354167 17 31 48 

36 18 24 3 77 11 46 93 75 7 53 71 96 30 86 63 9 83 97 72 
766 0.352941 12 22 34 

40 33 51 90 30 96 49 86 28 81 97 43 50 9 57 72 23 15 47 24 
767 0.352941 12 22 34 

11 29 14 4 33 60 9 42 89 16 88 2 20 64 52 8 28 72 62 76 
768 0.352941 12 22 34 

14 0 5 99 54 19 59 6 74 27 28 82 45 84 30 71 58 42 13 20 
769 0.352941 12 22 34 

55 21 1 65 93 35 17 19 44 98 80 84 51 72 37 14 26 83 34 32 
770 0.352941 12 22 34 

85 70 94 32 29 17 60 76 20 65 26 67 36 81 83 91 15 66 71 82 
771 0.352941 12 22 34 

16 81 93 98 72 46 25 23 28 94 43 64 97 89 12 15 29 61 74 76 
772 0.351852 19 35 54 

96 89 95 82 72 74 41 68 78 63 57 17 34 26 19 31 40 8 14 83 
773 0.35 7 13 20 

72 39 83 73 40 87 79 24 6 35 74 61 78 99 10 54 43 59 51 86 
774 0.35 14 26 40 

90 56 10 15 62 20 31 95 33 64 1 46 61 86 38 21 37 87 82 78 
775 0.35 14 26 40 

3 71 49 58 82 93 85 51 74 9 31 97 50 5 27 19 37 87 62 20 
776 0.35 14 26 40 

73 24 36 10 54 49 33 48 9 43 1 79 8 96 0 86 21 46 4 35 
777 0.347826 16 30 46 

87 80 33 31 6 19 11 13 45 32 93 85 72 50 27 70 36 67 39 8 
778 0.347826 16 30 46 

9 21 15 48 88 31 51 82 10 65 53 64 74 42 86 62 44 29 36 19 
779 0.347826 16 30 46 

30 33 15 44 39 8 28 93 77 59 32 31 81 84 22 85 66 88 67 70 
780 0.346154 9 17 26 

96 68 31 12 74 78 11 53 30 55 84 49 57 22 24 2 10 73 81 72 
781 0.346154 9 17 26 

98 34 43 44 72 88 26 71 31 16 89 2 87 96 25 78 30 24 62 50 
782 0.346154 9 17 26 

7 72 47 54 51 11 85 8 70 41 36 81 93 94 6 42 37 79 26 78 
783 0.34375 11 21 32 

66 54 64 74 27 38 15 41 76 47 0 70 85 5 72 71 8 35 84 51 
784 0.34375 11 21 32 

23 17 20 45 16 3 31 48 71 85 73 57 87 46 68 90 62 27 55 2 
785 0.34375 11 21 32 

41 0 66 95 82 97 89 20 71 53 54 64 17 62 32 96 1 81 74 67 
786 0.342105 13 25 38 

80 88 87 64 98 86 6 66 40 94 35 8 96 4 47 1 5 29 81 73 
787 0.342105 13 25 38 

4 18 76 53 29 41 72 79 47 9 98 19 82 20 34 15 25 23 50 3 
788 0.342105 13 25 38 

71 25 52 97 67 93 21 24 51 28 14 45 30 13 36 9 26 89 5 3 
789 0.342105 13 25 38 

96 54 92 27 19 56 59 9 49 24 28 51 62 45 18 74 21 6 33 34 
790 0.339286 19 37 56 

61 19 46 88 77 24 12 17 74 90 94 79 23 63 76 96 5 51 75 49 
791 0.3375 13 26 40 

59 83 34 27 55 35 14 87 23 63 11 68 80 97 39 24 22 90 71 72 
792 0.336957 15 30 46 

95 11 44 86 2 74 3 87 14 88 78 89 76 63 46 26 90 45 72 91 
793 0.336957 14 29 46 

9 89 35 49 66 15 97 70 62 19 88 63 42 94 3 95 51 11 25 30 
794 0.333333 16 32 48 

19 28 73 81 44 26 91 33 50 29 95 96 36 83 42 22 21 76 1 98 
795 0.333333 12 24 36 

78 41 42 64 65 72 48 63 14 90 11 29 69 83 62 50 19 31 34 96 
796 0.333333 8 16 24 

30 24 20 7 72 19 98 84 71 46 45 51 4 77 53 13 5 43 87 95 
797 0.333333 12 24 36 

56 20 60 29 4 49 9 82 27 57 15 24 88 32 54 67 97 77 48 17 
798 0.333333 16 32 48 

32 41 63 1 33 96 68 30 5 77 88 4 72 23 21 19 97 20 90 50 
799 0.333333 16 32 48 

27 68 50 70 16 54 90 79 86 85 33 45 61 47 71 12 99 48 43 10 
800 0.333333 10 20 30 

45 33 7 98 74 12 87 73 99 41 24 34 57 30 66 71 3 9 47 40 
801 0.333333 12 24 36 

51 92 44 49 5 90 39 89 40 28 76 67 99 27 41 82 80 86 53 63 
802 0.333333 10 20 30 

94 62 40 70 25 1 2 43 91 47 85 21 51 42 84 41 83 0 4 57 
803 0.333333 10 20 30 

52 27 60 41 38 8 80 83 56 2 82 44 19 95 67 73 17 94 69 90 
804 0.333333 16 32 48 

0 61 16 91 82 8 94 36 79 26 48 72 76 46 37 4 44 74 57 68 
805 0.333333 8 16 24 

7 5 25 70 48 38 17 91 33 22 53 31 50 74 42 41 63 59 44 69 
806 0.333333 18 36 54 

97 61 31 33 75 9 21 70 69 76 72 28 8 64 98 41 47 93 30 46 
807 0.333333 16 32 48 

5 82 96 43 17 88 91 35 0 7 56 87 16 92 25 61 19 73 80 3 
808 0.333333 14 28 42 

12 99 27 78 52 55 35 6 84 41 20 18 67 85 60 10 43 34 15 87 
809 0.327586 19 39 58 

75 31 64 60 55 87 82 62 26 14 39 3 98 80 61 74 22 73 43 20 
810 0.326923 17 35 52 

79 81 27 76 2 16 35 70 26 14 23 84 77 60 4 3 32 33 52 29 
811 0.325 12 26 40 

26 54 65 23 76 50 78 56 90 62 34 14 80 66 99 16 81 45 70 74 
812 0.325 13 27 40 

27 81 60 17 64 19 67 8 98 76 25 7 69 80 29 14 91 79 33 97 
813 0.325 13 27 40 

53 5 27 74 13 81 25 31 32 95 30 16 52 4 6 34 97 84 15 88 
814 0.323529 11 23 34 

68 11 36 98 1 12 67 97 88 17 21 52 22 84 33 73 51 70 24 69 
815 0.323529 11 23 34 

61 58 89 45 14 81 9 50 90 74 43 76 5 55 6 33 87 59 18 28 
816 0.323529 11 23 34 

70 29 94 35 59 61 41 83 21 16 77 7 39 37 53 46 62 10 79 66 
817 0.323529 11 23 34 

64 34 67 49 30 74 51 33 84 42 98 44 60 20 41 48 9 54 91 19 
818 0.322581 20 42 62 

6 43 21 63 86 67 27 5 76 0 14 96 80 65 2 99 93 74 3 98 
819 0.321429 13 28 42 

69 9 23 34 68 5 59 25 73 78 33 83 67 86 44 98 76 6 49 45 
820 0.319444 11 24 36 

43 50 24 55 21 10 97 54 84 87 47 52 75 31 72 56 63 16 78 5 
821 0.318182 7 15 22 

13 24 98 28 67 84 89 91 90 61 47 32 6 14 62 96 2 66 68 60 
822 0.318182 14 30 44 

74 78 8 76 77 59 39 61 66 53 22 58 30 26 99 63 48 32 19 52 
823 0.316667 9 20 30 

41 96 50 86 61 27 77 33 59 83 58 47 4 73 90 67 62 76 37 2 
824 0.316667 9 20 30 

32 12 86 98 74 15 0 14 31 48 36 30 19 2 84 29 4 10 79 44 
825 0.314815 17 37 54 

74 14 98 26 7 47 11 30 1 45 10 54 75 0 28 31 52 67 57 36 
826 0.3125 15 33 48 

93 94 20 61 62 13 15 49 63 77 38 16 47 40 97 56 69 79 80 9 
827 0.3125 15 33 48 

82 61 45 37 50 89 63 21 94 80 59 5 9 54 78 29 35 3 75 15 
828 0.3125 10 22 32 

29 76 55 37 13 91 74 40 53 23 1 0 63 38 98 3 28 22 85 61 
829 0.3125 14 32 48 

20 82 0 23 17 53 7 61 16 47 77 9 30 45 96 14 93 59 92 91 
830 0.3125 15 33 48 

31 45 24 51 73 30 85 88 99 82 33 27 56 59 63 38 34 0 78 1 
831 0.3125 15 33 48 

71 88 9 59 77 57 29 26 25 96 21 94 67 63 20 22 73 68 13 40 
832 0.3125 15 33 48 

57 63 67 86 52 9 59 56 0 31 49 50 70 74 85 73 35 26 87 91 
833 0.3125 15 33 48 

39 54 44 83 32 77 60 64 75 72 88 0 36 47 85 14 94 12 24 55 
834 0.3125 10 22 32 

16 99 83 70 53 41 33 18 80 68 94 47 61 24 71 77 64 88 12 50 
835 0.310345 18 40 58 

88 75 0 31 61 36 30 3 40 13 51 7 43 98 73 50 54 71 82 56 
836 0.309524 13 29 42 

81 85 88 45 96 39 90 58 77 27 52 24 82 20 80 94 59 66 7 49 
837 0.309524 13 29 42 

90 55 62 93 40 91 77 36 18 80 59 42 89 41 57 78 20 64 61 72 
838 0.309524 13 29 42 

75 34 71 7 95 14 48 10 82 85 69 31 62 49 21 78 29 54 73 94 
839 0.307692 8 18 26 

35 40 17 34 89 13 78 53 27 96 56 18 14 87 10 5 79 75 83 98 
840 0.305556 11 25 36 

88 1 59 35 87 94 34 38 97 7 78 96 45 15 89 40 56 10 31 79 
841 0.305556 11 25 36 

9 45 29 65 88 77 66 83 71 19 5 27 97 82 55 12 67 51 20 98 
842 0.305556 11 25 36 

32 79 15 82 9 31 92 34 63 29 10 5 90 28 14 19 37 86 46 57 
843 0.305556 11 25 36 

1 5 39 27 14 9 24 61 33 53 95 82 66 70 32 90 40 0 54 68 
844 0.305556 11 25 36 

28 7 14 67 85 68 9 17 75 71 47 48 35 72 56 13 59 84 66 44 
845 0.305556 11 25 36 

9 71 40 99 76 0 30 86 24 72 67 14 43 66 89 83 44 52 93 45 
846 0.302083 14 33 48 

14 27 90 6 28 64 5 47 11 56 71 74 67 69 55 97 94 95 29 31 
847 0.3 12 28 40 

73 77 10 8 37 21 50 30 68 66 25 57 62 47 42 14 83 5 90 33 
848 0.3 12 28 40 

29 88 21 50 43 86 64 10 73 71 57 35 74 15 30 22 27 11 17 77 
849 0.3 15 35 50 

80 61 67 54 45 5 97 28 1 10 62 21 71 30 36 20 82 40 13 31 
850 0.3 12 28 40 

0 23 53 19 64 39 90 41 88 66 32 52 44 18 3 50 17 29 80 34 
851 0.3 9 21 30 

51 41 43 53 82 69 37 89 54 1 83 78 98 27 76 92 77 87 42 0 
852 0.3 12 28 40 

68 39 66 2 31 13 88 94 5 75 11 12 45 77 70 43 61 49 74 86 
853 0.3 12 28 40 

1 91 17 39 84 5 57 28 2 26 62 14 38 99 55 46 44 48 74 42 
854 0.3 9 21 30 

61 99 30 98 51 27 41 3 79 60 52 23 87 74 59 70 25 64 88 28 
855 0.3 18 42 60 

53 76 38 39 22 64 82 37 7 29 58 74 79 43 45 92 41 44 61 20 
856 0.3 12 28 40 

24 48 53 22 88 30 31 40 8 18 91 45 17 75 28 39 72 63 60 16 
857 0.296296 16 38 54 

35 26 4 83 66 78 43 17 77 90 25 31 89 69 93 49 64 32 15 96 
858 0.295455 13 31 44 

52 60 20 93 7 0 86 63 88 78 94 34 44 46 41 96 69 40 25 36 
859 0.294118 10 24 34 

52 76 1 17 44 66 2 24 37 96 95 50 41 71 43 56 63 47 80 32 
860 0.294118 10 24 34 

39 24 89 73 78 31 61 66 20 8 53 54 25 77 15 68 30 41 6 11 
861 0.294118 10 24 34 

12 83 72 96 36 22 15 79 55 84 45 19 43 71 62 63 31 76 60 27 
862 0.294118 10 24 34 

94 36 61 44 12 73 48 50 60 30 43 64 55 53 47 23 76 99 45 0 
863 0.293478 13 32 46 

74 89 57 28 59 76 70 99 83 35 13 98 85 47 15 1 37 11 42 56 
864 0.293478 13 32 46 

81 20 55 94 73 45 26 30 60 10 2 14 19 91 53 89 18 35 69 28 
865 0.291667 14 34 48 

97 70 98 79 76 83 95 64 69 63 80 1 56 23 6 15 24 52 61 37 
866 0.291667 14 34 48 

75 50 45 74 40 46 0 51 3 88 9 53 30 85 38 16 83 21 99 31 
867 0.291667 10 25 36 

6 42 82 93 21 54 49 45 0 92 96 74 31 52 24 12 91 55 20 9 
868 0.289474 11 27 38 

25 75 54 84 40 11 93 9 88 30 27 31 14 46 66 95 99 12 4 61 
869 0.2875 11 28 40 

97 26 84 32 17 69 53 71 54 15 20 7 3 61 58 29 82 77 14 80 
870 0.285714 12 30 42 

76 90 96 4 30 84 75 72 17 66 49 40 9 7 91 81 63 26 73 97 
871 0.285714 8 20 28 

22 25 18 14 45 79 1 77 81 10 88 0 15 23 61 48 32 31 11 2 
872 0.285714 12 30 42 

39 89 50 18 33 42 68 80 35 25 82 2 67 96 66 10 90 53 94 92 
873 0.285714 12 30 42 

21 46 96 67 7 83 70 31 26 33 3 48 72 13 23 30 45 2 36 74 
874 0.285714 8 20 28 

62 99 31 85 76 79 41 26 86 4 82 3 5 92 53 48 2 47 0 89 
875 0.285714 12 30 42 

75 43 50 11 55 23 2 99 72 42 61 47 54 69 96 82 31 68 28 34 
876 0.282609 13 33 46 

64 11 37 20 84 27 54 63 62 89 30 87 19 2 36 44 16 76 57 21 
877 0.28125 13 34 48 

45 2 64 22 47 8 44 33 32 85 98 1 13 42 50 19 7 15 99 78 
878 0.28125 9 23 32 

26 74 82 8 75 92 41 23 94 24 80 93 21 42 70 31 55 7 5 37 
879 0.28 14 36 50 

22 19 16 88 47 53 63 67 29 51 40 34 46 5 3 69 57 27 39 30 
880 0.278846 14 37 52 

82 64 42 24 17 37 7 92 9 66 55 12 86 22 14 57 59 47 89 31 
881 0.277778 10 26 36 

18 89 84 63 85 16 8 69 51 9 39 83 80 19 66 53 91 32 50 20 
882 0.277778 10 26 36 

94 28 41 42 33 69 15 91 1 47 87 59 30 31 57 3 58 74 67 14 
883 0.277778 10 26 36 

63 43 14 83 41 44 19 26 45 35 89 31 20 18 49 28 76 60 66 69 
884 0.277778 10 26 36 

85 88 93 37 99 25 98 81 13 1 26 79 82 36 89 68 90 94 74 32 
885 0.275 11 29 40 

5 70 78 71 72 97 73 55 32 98 25 66 12 16 63 43 19 18 23 26 
886 0.27381 11 30 42 

48 61 82 88 53 12 59 42 1 96 7 57 92 30 60 73 22 27 99 89 
887 0.272727 12 32 44 

54 71 83 79 18 56 20 46 55 76 3 2 34 43 87 97 66 57 8 94 
888 0.272727 6 16 22 

26 29 44 30 27 2 83 70 93 47 28 76 9 31 8 12 78 5 22 10 
889 0.271739 12 33 46 

27 17 54 52 66 11 6 82 48 19 25 0 39 90 75 30 64 46 55 49 
890 0.270833 13 35 48 

55 38 84 46 57 11 86 97 35 98 67 41 54 28 87 68 43 71 72 14 
891 0.270833 13 35 48 

67 22 9 59 37 56 16 17 21 64 89 74 19 5 93 39 35 54 2 53 
892 0.270833 13 35 48 

19 27 44 88 78 53 83 8 84 26 45 89 15 85 92 32 79 70 22 25 
893 0.270833 13 35 48 

1 49 15 74 71 54 25 53 73 76 29 79 91 18 35 72 31 26 77 58 
894 0.27 13 36 50 

32 23 67 17 1 60 88 20 0 53 51 63 80 16 36 62 78 65 84 40 
895 0.269231 7 19 26 

37 43 78 57 66 11 24 61 8 71 15 4 18 64 49 99 69 68 83 30 
896 0.269231 7 19 26 

1 60 93 28 16 57 68 52 22 69 71 41 87 0 18 59 14 94 24 80 
897 0.269231 7 19 26 

23 2 98 43 94 10 47 46 50 78 40 32 9 34 57 67 36 22 69 55 
898 0.264706 9 25 34 

98 93 18 81 15 76 72 34 44 46 10 26 28 1 90 38 55 51 48 37 
899 0.264706 9 25 34 

4 78 87 66 15 9 60 69 76 79 85 68 16 48 88 95 47 31 19 46 
900 0.263158 9 27 38 

27 21 37 84 75 71 36 87 39 13 9 24 66 2 8 67 51 61 54 47 
901 0.263158 10 28 38 

48 98 93 41 81 26 9 55 62 91 31 80 85 69 63 37 53 0 5 50 
902 0.261905 11 31 42 

94 20 6 98 67 84 72 51 63 11 90 4 66 23 7 5 34 70 41 24 
903 0.261905 11 31 42 

50 96 42 88 94 55 44 71 1 83 27 13 47 12 40 19 93 87 77 23 
904 0.261905 11 31 42 

89 21 25 34 86 61 94 63 71 12 26 23 93 64 24 72 41 62 83 19 
905 0.261905 11 31 42 

48 57 26 85 4 0 23 66 20 29 42 50 30 97 37 76 56 70 17 34 
906 0.26087 12 34 46 

44 72 96 1 52 61 62 85 28 64 51 18 69 13 78 54 20 36 50 23 
907 0.26087 12 34 46 

31 74 84 32 61 14 20 59 10 52 37 67 2 26 45 15 72 96 75 63 
908 0.26087 12 34 46 

63 38 72 84 45 87 89 26 80 11 21 32 55 50 90 67 15 4 54 82 
909 0.26 13 37 50 

22 63 48 80 77 74 5 53 29 4 96 3 56 55 42 45 9 21 7 49 
910 0.259259 14 40 54 

76 91 49 63 9 16 17 11 90 61 30 32 0 35 33 21 43 47 13 56 
911 0.25 10 30 40 

39 76 44 7 60 45 4 9 84 77 19 1 87 35 86 46 85 71 57 6 
912 0.25 9 28 38 

86 24 62 21 14 52 27 47 22 99 15 30 39 88 0 34 90 23 36 55 
913 0.25 9 27 36 

35 30 49 84 82 63 53 67 21 95 54 74 48 51 86 24 70 44 17 46 
914 0.25 12 36 48 

39 63 35 13 0 42 84 11 14 6 91 34 1 2 69 29 73 27 82 57 
915 0.25 8 24 32 

82 35 30 14 71 64 87 16 47 55 72 84 60 6 20 88 85 95 28 96 
916 0.25 11 33 44 

62 16 45 88 19 68 2 39 49 43 46 32 99 47 36 97 38 27 31 86 
917 0.25 9 27 36 

52 95 22 51 47 49 1 3 15 69 83 77 76 71 21 5 70 35 74 9 
918 0.25 8 25 34 

95 12 28 5 32 40 50 63 87 23 85 57 26 74 36 97 46 60 76 10 
919 0.25 7 21 28 

90 24 56 77 88 51 80 18 23 28 93 39 52 60 0 16 41 53 64 69 
920 0.25 7 21 28 

41 18 80 84 60 75 66 56 43 30 97 98 62 33 32 7 19 76 15 29 
921 0.25 10 30 40 

14 3 56 99 69 34 30 79 41 15 88 60 19 17 27 42 35 49 28 2 
922 0.25 11 33 44 

54 2 22 85 68 46 70 45 51 88 15 61 74 24 39 19 7 0 34 62 
923 0.25 9 27 36 

29 43 26 1 2 44 33 25 40 27 35 52 55 34 71 15 89 88 78 86 
924 0.25 12 36 48 

53 59 31 93 88 0 2 27 46 79 21 1 94 36 78 32 28 73 60 10 
925 0.25 11 33 44 

99 6 88 80 98 11 10 21 30 0 61 68 50 53 51 26 69 54 85 29 
926 0.25 7 21 28 

72 22 34 48 95 84 56 5 57 30 53 94 18 60 21 9 23 86 31 2 
927 0.25 8 24 32 

26 96 9 97 85 54 66 87 34 98 12 89 69 82 55 99 32 64 43 76 
928 0.25 7 22 30 

4 34 80 74 36 45 43 71 66 47 69 20 91 62 55 23 0 82 22 83 
929 0.238636 10 33 44 

86 53 7 35 63 54 22 11 15 27 85 41 78 9 69 6 89 21 5 36 
930 0.238095 10 32 42 

57 51 96 71 4 99 27 26 30 67 55 17 37 1 13 43 29 89 7 64 
931 0.238095 10 32 42 

53 69 33 8 19 55 30 48 40 90 20 37 66 63 7 38 49 86 84 74 
932 0.236842 9 29 38 

78 26 82 70 30 27 19 50 44 18 76 46 34 16 87 68 60 25 77 7 
933 0.236842 9 29 38 

41 53 24 29 71 61 27 97 30 91 85 59 19 10 20 70 6 39 25 90 
934 0.236842 9 29 38 

11 66 41 71 94 83 23 25 87 39 9 15 17 4 3 96 14 77 27 22 
935 0.236111 8 27 36 

72 39 16 12 4 24 77 33 52 90 61 31 69 36 63 73 30 32 87 13 
936 0.233333 7 23 30 

14 37 40 66 17 91 31 25 20 67 70 45 68 27 7 32 74 96 16 21 
937 0.230769 6 20 26 

82 12 39 83 2 45 97 43 70 64 52 72 25 46 44 62 61 9 30 87 
938 0.230769 12 40 52 

30 18 69 19 77 61 39 50 4 33 16 75 31 63 25 43 98 85 35 45 
939 0.227273 10 34 44 

17 27 9 62 29 60 78 99 53 39 12 23 57 56 59 10 24 85 90 45 
940 0.227273 10 34 44 

83 44 34 91 52 2 85 15 25 19 6 28 39 50 33 0 69 90 71 5 
941 0.227273 5 17 22 

21 58 33 26 78 1 48 73 44 71 97 37 16 9 66 90 95 28 76 72 
942 0.225 4 15 20 

80 47 59 84 73 96 94 51 42 71 41 54 35 61 14 89 90 82 95 10 
943 0.222222 8 28 36 

5 55 48 80 6 73 35 66 21 33 99 25 17 79 8 43 0 13 9 2 
944 0.222222 8 28 36 

62 44 61 98 45 35 56 36 40 26 12 88 19 85 53 73 14 63 41 52 
945 0.222222 8 28 36 

51 40 62 94 47 34 54 84 44 9 74 71 0 37 72 4 31 73 49 86 
946 0.21875 7 25 32 

33 69 47 39 36 89 7 27 29 37 66 85 10 96 35 25 75 45 46 81 
947 0.21875 7 25 32 

96 95 24 35 80 19 61 4 31 94 71 22 27 86 39 30 47 77 42 69 
948 0.217391 10 36 46 

80 17 39 25 53 66 72 62 7 15 84 57 23 4 46 34 18 52 33 61 
949 0.217391 10 36 46 

61 35 72 15 49 52 88 5 96 69 6 23 45 32 71 0 70 75 2 87 
950 0.214286 6 22 28 

64 47 9 11 72 70 25 5 19 16 32 87 41 15 81 27 66 62 0 97 
951 0.2125 8 31 40 

21 88 42 22 39 15 14 59 67 78 33 96 17 71 20 49 6 30 87 16 
952 0.210526 8 30 38 

16 40 46 57 60 56 41 63 53 97 17 6 99 77 52 21 44 98 55 45 
953 0.210526 8 30 38 

85 31 42 54 16 32 29 8 2 50 69 62 90 24 77 73 80 60 25 43 
954 0.210526 8 30 38 

42 54 37 45 46 96 31 70 83 35 14 33 44 97 1 93 17 9 50 8 
955 0.210526 8 30 38 

74 24 6 79 25 41 68 61 33 71 56 18 59 85 78 82 44 83 48 69 
956 0.208333 10 38 48 

90 82 74 42 92 36 13 97 96 5 70 7 32 56 66 43 34 37 8 55 
957 0.208333 5 19 24 

77 71 89 0 4 2 33 52 3 21 5 69 20 90 47 17 86 25 50 97 
958 0.208333 5 19 24 

86 97 18 54 63 85 87 9 83 25 44 76 32 42 14 22 35 23 4 24 
959 0.208333 5 19 24 

23 66 45 26 13 54 87 86 94 62 25 33 9 55 77 11 50 90 18 35 
960 0.205882 7 27 34 

69 60 73 81 88 43 54 4 22 90 84 76 95 16 17 1 19 66 53 10 
961 0.205882 7 27 34 

92 2 46 15 99 31 71 89 83 84 18 45 53 17 61 25 16 32 52 85 
962 0.204545 9 35 44 

61 19 73 83 26 14 70 17 68 69 57 7 45 22 31 32 92 94 77 82 
963 0.204545 9 35 44 

99 74 67 83 24 52 5 15 10 4 53 18 28 21 41 73 61 94 93 47 
964 0.2 8 32 40 

36 52 70 93 15 50 83 19 57 45 47 26 62 39 20 64 79 35 31 67 
965 0.194444 7 29 36 

84 59 57 81 33 29 47 17 28 0 53 24 44 99 76 36 40 16 25 66 
966 0.1875 6 26 32 

79 45 24 87 42 35 23 77 86 63 16 1 68 17 90 46 75 83 61 74 
967 0.1875 6 26 32 

1 33 20 69 62 60 6 28 91 56 59 67 7 68 40 27 34 64 30 51 
968 0.184211 7 31 38 

77 68 25 36 97 51 11 52 55 54 89 14 27 42 16 98 96 90 82 26 
969 0.184211 7 31 38 

16 22 25 28 74 96 23 50 68 97 46 21 75 39 53 94 71 18 7 47 
970 0.18 9 41 50 

52 67 48 29 98 69 46 93 60 55 23 90 44 43 13 80 97 0 21 11 
971 0.178571 5 23 28 

11 33 60 87 55 79 89 18 22 28 9 1 94 43 82 41 31 29 99 95 
972 0.176471 6 28 34 

43 51 87 3 99 26 48 56 84 72 83 31 91 63 88 30 85 21 67 8 
973 0.173913 8 38 46 

33 11 37 22 23 7 21 35 47 0 43 69 91 70 77 31 10 24 55 26 
974 0.173913 8 38 46 

63 55 50 9 31 45 6 64 91 79 26 73 82 40 28 97 10 21 41 88 
975 0.166667 6 30 36 

12 63 87 96 35 66 9 90 64 53 10 26 70 39 32 57 14 88 27 54 
976 0.166667 9 45 54 

3 40 80 7 89 61 66 39 42 60 56 37 32 49 67 64 74 16 44 20 
977 0.166667 7 35 42 

55 2 12 25 37 15 83 1 45 68 29 13 27 74 33 53 94 99 18 7 
978 0.166667 7 35 42 

21 56 98 52 89 33 37 99 6 27 57 97 43 51 2 5 42 66 46 39 
979 0.166667 5 25 30 

9 74 20 34 88 10 26 76 85 48 36 21 83 28 60 24 78 37 8 3 
980 0.1625 6 33 40 

88 14 97 76 24 59 68 9 33 16 74 44 83 99 80 1 67 19 47 2 
981 0.16 8 42 50 

79 56 42 38 24 69 29 41 7 39 0 32 61 33 64 94 53 66 11 10 
982 0.15 6 34 40 

63 30 2 78 35 36 61 10 82 57 5 52 45 37 46 72 79 9 27 39 
983 0.147059 5 29 34 

77 54 24 55 33 45 91 25 2 97 41 43 37 62 79 90 11 63 29 52 
984 0.147059 5 29 34 

54 63 37 90 72 87 14 94 43 99 20 40 71 53 5 13 61 69 86 41 
985 0.142857 4 24 28 

53 72 52 70 63 82 59 55 90 9 95 84 26 61 42 34 44 11 88 62 
986 0.136364 6 38 44 

29 82 61 92 49 30 18 56 9 11 99 23 64 36 85 45 26 53 50 62 
987 0.133333 4 26 30 

50 61 82 88 18 32 54 11 21 69 33 48 59 81 78 39 94 60 83 52 
988 0.125 6 42 48 

91 16 45 78 34 84 19 35 53 96 88 27 48 7 85 29 90 93 10 67 
989 0.119048 5 37 42 

36 48 79 63 37 0 54 39 52 49 66 7 11 44 99 18 32 50 34 61 
990 0.119048 5 37 42 

52 24 22 19 97 27 48 64 30 66 28 57 47 56 72 99 55 77 9 0 
991 0.108696 5 41 46 

54 37 18 67 23 44 78 36 71 10 85 93 48 24 61 33 97 70 6 26 
992 0.1 3 27 30 

89 20 0 28 23 85 22 57 76 13 98 31 74 26 88 15 61 64 41 29 
993 0.0978261 4 41 46 

88 26 22 41 60 16 50 5 31 14 24 57 86 62 61 1 7 0 79 42 
994 0.0882353 3 31 34 

97 54 69 0 67 20 91 16 53 88 28 43 73 23 7 31 27 49 52 33 
995 0.078125 5 59 64 

45 96 31 2 74 21 64 35 63 80 77 43 94 82 91 6 37 30 27 11 
996 0.0666667 2 28 30 

52 33 21 37 64 15 86 35 6 47 73 84 61 0 48 96 94 99 26 27 
997 0.0666667 2 28 30 

75 78 37 23 69 28 94 52 96 7 81 82 12 83 36 91 9 4 25 35 
998 0.0625 2 30 32 

47 66 37 9 63 22 45 24 33 27 5 31 88 79 30 57 76 62 6 18 
999 0.0555556 2 34 36 

71 17 94 78 98 72 15 64 48 9 99 44 76 7 74 40 18 37 97 20 
1000 0.0263158 1 37 38 

