10
20
3 10 12 13 15 18 23 27 38 41 48 50 57 58 65 66 74 81 91 92 
1 0.614618 740 464 1204 

3 10 12 13 15 16 18 23 27 38 48 50 58 65 66 74 81 83 92 93 
2 0.609459 676 433 1110 

3 10 27 38 39 41 45 50 58 60 62 63 65 66 81 85 88 92 93 95 
3 0.605769 378 246 624 

3 6 10 11 12 15 18 21 32 34 38 45 58 63 65 84 86 88 92 93 
4 0.559122 662 522 1184 

3 10 11 12 16 18 19 20 38 44 58 62 65 66 74 78 83 86 92 97 
5 0.547638 672 555 1228 

3 10 13 15 23 27 38 39 48 50 51 57 58 65 66 74 81 83 91 92 
6 0.520101 414 382 796 

0 5 10 13 16 28 38 39 41 51 58 59 60 62 65 66 68 85 92 95 
7 0.508065 189 183 372 

4 10 13 15 23 26 27 38 41 48 50 51 57 58 65 66 67 81 91 92 
8 0.506298 522 509 1032 

3 7 11 12 18 20 22 33 34 40 47 50 55 56 58 65 81 82 86 92 
9 0.504505 336 330 666 

3 10 11 12 22 27 38 45 47 50 55 58 63 81 84 86 91 92 93 99 
10 0.454861 393 471 864 

