30
20
867 754 140 845 886 890 540 312 921 630 54 912 435 864 490 130 53 499 914 455 
1 1 76 0 76 

23 790 32 236 799 653 503 810 707 992 995 249 247 717 312 54 860 746 349 677 
2 1 144 0 144 

424 998 560 305 782 453 34 324 627 777 335 820 936 241 633 932 154 567 707 505 
3 1 400 0 400 

980 957 240 335 393 617 643 671 134 444 494 311 680 915 788 871 551 522 745 930 
4 1 38 0 38 

444 909 358 9 140 729 897 884 779 504 41 936 765 2 19 836 618 638 545 998 
5 1 144 0 144 

367 309 815 241 280 135 662 263 432 469 36 465 426 397 587 394 317 560 111 236 
6 1 256 0 256 

128 434 253 863 327 477 791 91 153 479 783 656 28 63 377 174 748 839 326 287 
7 1 72 0 72 

178 147 114 774 131 74 559 337 684 857 908 975 505 290 465 749 62 148 284 659 
8 1 148 0 148 

138 643 507 592 250 626 799 975 639 36 758 929 505 320 27 51 802 157 194 9 
9 1 80 0 80 

817 323 194 575 345 623 73 559 591 114 668 230 574 435 861 824 235 349 396 302 
10 1 210 0 210 

598 959 11 375 905 897 402 399 412 724 189 231 919 868 80 688 159 748 881 310 
11 1 74 0 74 

984 544 194 745 641 827 593 545 648 506 408 925 301 271 643 798 43 730 42 215 
12 1 34 0 34 

827 141 898 325 337 922 977 994 616 726 937 910 949 615 191 136 614 757 294 2 
13 0.996933 325 1 326 

599 775 319 786 61 684 102 447 577 77 235 332 966 402 598 377 528 114 611 690 
14 0.996124 257 1 258 

7 646 595 41 539 150 333 44 836 568 656 912 645 926 119 821 213 185 659 618 
15 0.994565 183 1 184 

238 966 662 896 366 785 631 227 483 952 222 197 296 301 723 479 360 777 752 564 
16 0.993151 145 1 146 

56 422 672 482 131 630 719 172 198 631 489 582 206 615 414 23 124 277 747 567 
17 0.991379 115 1 116 

641 950 534 439 891 883 635 152 267 192 626 289 304 622 568 274 696 480 732 345 
18 0.990909 109 1 110 

835 811 349 138 334 328 644 235 114 824 265 833 297 517 19 966 618 173 134 126 
19 0.98913 182 2 184 

719 754 173 746 854 640 962 747 804 548 300 680 875 192 338 357 699 649 370 368 
20 0.989011 180 2 182 

763 887 156 315 331 376 996 52 246 264 641 897 950 192 137 747 418 953 321 511 
21 0.9875 79 1 80 

815 58 340 559 419 68 676 604 370 209 308 494 695 94 250 686 941 876 726 341 
22 0.986486 73 1 74 

816 76 503 575 476 565 662 274 941 855 577 888 502 684 48 56 667 637 745 725 
23 0.986486 292 4 296 

469 228 630 908 568 633 900 670 541 12 170 200 974 874 755 442 283 719 269 451 
24 0.980519 151 3 154 

398 461 595 540 110 274 545 466 17 199 914 920 426 470 896 685 73 139 382 396 
25 0.978495 182 4 186 

411 676 524 511 528 82 73 827 27 1 119 334 460 918 982 966 531 463 535 542 
26 0.977477 217 5 222 

321 130 758 388 684 845 10 219 884 352 369 453 652 229 281 501 824 21 661 677 
27 0.97619 41 1 42 

788 542 529 985 276 350 625 569 241 902 158 473 903 631 184 190 816 463 324 723 
28 0.975 117 3 120 

441 627 360 795 187 323 34 85 105 260 80 340 150 961 390 769 427 592 213 835 
29 0.973684 37 1 38 

156 244 766 123 947 48 0 649 276 173 210 528 726 631 9 380 447 708 806 71 
30 0.967949 151 5 156 

