30
20
7 80 89 97 112 114 183 238 241 276 356 360 560 598 615 636 641 679 815 881 
1 0.569647 5000 3777 8780 

7 80 97 112 114 238 241 276 306 332 444 560 598 625 636 641 788 800 815 881 
2 0.565903 4074 3125 7200 

7 80 97 112 114 238 241 276 312 319 352 371 598 636 641 663 800 815 865 881 
3 0.561635 2756 2150 4916 

7 78 80 97 112 114 238 241 276 310 409 435 444 560 598 636 641 800 815 881 
4 0.559103 4237 3341 7580 

7 24 80 97 112 114 238 241 265 276 360 432 598 636 641 662 800 815 881 971 
5 0.55681 3056 2432 5492 

7 80 97 112 114 238 241 276 312 319 598 636 640 641 774 800 815 865 867 881 
6 0.550225 3426 2800 6232 

7 80 97 112 114 202 276 360 560 571 598 636 641 679 691 800 815 874 881 934 
7 0.549616 4277 3502 7810 

7 80 97 112 114 238 241 276 312 319 370 598 636 640 641 662 774 800 815 881 
8 0.545159 2679 2235 4916 

7 80 97 112 114 238 241 276 409 444 450 560 598 636 641 800 807 815 841 881 
9 0.544186 3975 3329 7310 

7 80 97 112 114 140 238 241 276 313 373 444 560 598 636 641 751 800 815 881 
10 0.540698 2975 2527 5504 

7 80 97 112 114 238 276 280 360 388 547 598 636 641 684 703 800 815 881 895 
11 0.538607 997 854 1852 

7 80 97 112 114 238 241 276 373 444 598 625 636 641 742 800 815 881 892 984 
12 0.537309 3873 3335 7210 

7 63 80 97 112 114 238 276 312 319 352 400 598 636 641 662 800 815 881 964 
13 0.529782 3149 2794 5960 

51 80 97 112 114 131 173 238 276 325 560 598 636 641 646 732 800 815 831 881 
14 0.528439 3995 3565 7560 

7 75 80 97 112 114 134 238 276 283 436 598 615 636 641 800 801 815 838 881 
15 0.526846 4708 4228 8940 

7 80 97 112 114 276 360 432 560 598 636 641 724 732 800 815 829 881 934 949 
16 0.526488 4331 3895 8230 

7 80 97 112 114 238 276 302 384 442 560 598 625 636 641 800 815 856 881 963 
17 0.52547 3466 3130 6596 

7 80 97 112 114 148 237 238 276 441 560 598 636 641 699 800 801 815 881 916 
18 0.517837 3759 3500 7260 

7 80 86 97 112 114 238 241 276 311 431 444 556 567 598 636 641 800 815 881 
19 0.517218 3752 3502 7260 

7 80 97 112 114 156 238 276 325 366 598 636 641 700 754 800 815 849 872 881 
20 0.51657 2322 2173 4496 

6 7 80 97 114 238 276 319 560 598 636 641 678 679 682 752 800 815 881 894 
21 0.512837 2816 2675 5492 

7 10 44 69 80 97 112 114 276 320 570 598 636 641 646 648 684 715 815 881 
22 0.510063 4991 4794 9788 

7 97 112 114 164 238 276 360 411 432 433 560 598 636 641 800 815 829 881 934 
23 0.509964 4220 4055 8280 

7 78 80 97 112 114 197 209 238 241 276 444 486 598 636 641 719 800 815 881 
24 0.507469 3873 3759 7632 

7 34 80 97 112 114 216 232 238 248 276 358 598 636 639 641 800 815 881 897 
25 0.506667 456 444 900 

7 59 80 97 112 114 238 276 312 325 399 588 598 636 641 800 815 828 865 881 
26 0.506092 2409 2351 4760 

7 80 97 100 112 114 238 276 368 560 598 635 636 641 691 735 792 800 815 881 
27 0.503764 1137 1120 2258 

7 89 97 112 114 134 183 229 238 276 598 615 636 641 646 768 815 881 929 965 
28 0.503368 4408 4349 8760 

7 80 97 112 114 238 276 305 358 510 538 577 598 636 641 665 800 815 881 886 
29 0.503063 657 649 1306 

7 51 80 82 97 112 114 238 241 276 505 541 581 598 636 641 688 800 815 881 
30 0.500222 2253 2251 4508 

