30
20
471 237 73 38 813 190 679 70 644 579 837 684 444 298 216 449 276 698 634 827 
50 0.930556 268 20 288 

912 748 130 133 414 793 41 259 717 664 749 707 781 492 391 829 847 839 337 108 
150 0.85 221 39 260 

516 848 822 889 746 524 713 857 908 725 734 376 9 136 409 615 953 215 471 480 
250 0.803571 90 22 112 

39 35 447 484 610 752 598 338 771 615 666 452 15 328 288 573 4 575 828 128 
350 0.771654 196 58 254 

186 244 266 808 387 41 685 320 83 417 45 88 360 969 63 863 934 458 627 396 
450 0.741379 215 75 290 

932 455 618 213 831 20 265 167 211 374 894 674 889 974 651 393 190 939 837 754 
550 0.704301 131 55 186 

745 785 218 616 981 849 821 370 207 43 185 471 524 533 91 898 606 9 469 660 
650 0.680556 196 92 288 

299 560 331 627 663 343 448 666 125 821 389 76 737 58 56 833 277 324 550 933 
750 0.658385 212 110 322 

401 908 267 900 43 121 670 937 425 837 675 126 134 621 816 507 733 663 242 797 
850 0.633838 251 145 396 

148 892 163 618 836 279 435 368 36 924 63 8 565 732 268 397 678 675 742 236 
950 0.613333 92 58 150 

224 590 299 390 295 87 581 634 340 962 768 748 976 895 641 721 701 47 725 898 
1050 0.590909 130 90 220 

803 625 18 685 221 955 586 626 867 710 600 40 479 525 470 252 403 597 741 520 
1150 0.575758 152 112 264 

169 556 805 809 348 515 938 130 894 271 517 109 583 220 413 887 436 606 915 61 
1250 0.555556 200 160 360 

804 92 616 207 395 74 964 390 730 811 228 134 23 979 596 0 322 211 205 922 
1350 0.516129 96 90 186 

562 186 477 110 122 683 641 163 648 732 762 856 414 803 302 313 774 970 225 996 
1450 0.503906 129 127 256 

779 305 18 633 957 470 882 968 430 955 908 951 318 643 460 476 524 894 800 576 
1550 0.5 147 147 294 

961 697 631 333 702 195 299 670 593 433 164 286 203 806 581 949 440 474 858 857 
1650 0.490991 109 113 222 

940 693 887 809 748 325 365 484 727 880 944 805 119 859 504 536 663 718 557 70 
1750 0.452736 182 220 402 

556 327 875 404 444 371 305 994 899 536 352 187 902 747 401 920 995 105 33 90 
1850 0.430233 111 147 258 

717 672 621 314 847 56 251 941 882 279 356 6 238 200 488 125 17 581 508 262 
1950 0.413333 53 79 150 

129 149 880 269 183 596 999 71 912 667 839 557 949 750 873 802 526 800 517 453 
2050 0.396341 130 198 328 

416 124 535 857 111 692 428 491 681 152 368 794 847 454 949 644 92 809 476 173 
2150 0.375862 109 181 290 

188 704 450 696 179 338 126 828 543 65 551 308 557 359 437 705 650 968 230 25 
2250 0.352713 91 167 258 

394 150 260 367 5 478 146 138 582 790 826 148 217 291 185 124 656 277 762 419 
2350 0.325758 107 222 330 

199 38 637 689 454 340 508 561 396 762 397 334 812 891 40 721 354 506 429 193 
2450 0.298611 86 202 288 

568 555 967 655 899 543 688 293 602 254 749 177 127 811 455 5 473 508 253 574 
2550 0.271084 90 242 332 

335 483 549 770 323 924 539 701 61 697 42 551 577 835 986 506 841 931 6 910 
2650 0.246575 72 220 292 

132 818 976 881 300 182 789 361 791 601 795 153 623 747 457 238 606 373 129 302 
2750 0.191781 56 236 292 

106 802 946 777 724 583 562 767 897 379 891 545 48 411 2 261 984 893 315 269 
2850 0.131757 39 257 296 

556 147 297 468 83 546 484 354 493 15 724 397 255 585 682 222 267 63 189 449 
2950 0.0454545 18 378 396 

