1000
20
27 38 22 90 72 2 10 11 54 32 59 49 46 98 69 45 87 24 80 79 
1 0.921053 35 3 38 

1 73 81 71 3 38 86 72 74 88 7 52 42 92 50 70 62 17 53 69 
2 0.909091 20 2 22 

3 94 58 98 87 82 38 54 30 10 91 84 41 21 24 11 25 48 6 65 
3 0.895833 43 5 48 

10 24 12 70 39 46 16 22 43 72 91 3 74 9 87 5 54 77 69 65 
4 0.892857 25 3 28 

42 66 36 79 19 23 91 38 49 87 58 17 55 43 97 90 56 54 9 68 
5 0.888889 16 2 18 

26 42 67 28 73 29 96 53 98 79 62 27 4 51 78 87 18 46 76 20 
6 0.869565 40 6 46 

72 10 1 73 53 22 26 60 98 24 29 18 27 42 38 56 47 30 54 81 
7 0.868421 33 5 38 

17 87 65 44 34 58 73 42 56 79 18 70 61 75 23 88 32 81 80 95 
8 0.868421 33 5 38 

81 46 52 65 87 59 9 91 23 97 6 20 66 47 58 5 32 45 26 77 
9 0.861111 31 5 36 

78 73 75 5 6 99 3 42 87 96 79 54 64 35 93 70 20 76 30 74 
10 0.861111 31 5 36 

37 9 36 22 38 24 14 12 73 19 0 70 60 26 98 86 62 87 13 49 
11 0.86 43 7 50 

72 87 42 70 73 2 71 98 36 63 97 27 79 48 64 47 57 32 14 46 
12 0.857143 36 6 42 

68 43 57 20 74 42 65 17 11 95 82 80 76 69 3 71 78 23 98 52 
13 0.857143 36 6 42 

88 23 43 84 92 52 62 21 76 98 96 87 24 30 74 80 13 50 36 27 
14 0.85 34 6 40 

17 72 2 51 8 64 18 6 41 48 74 13 25 83 69 84 37 20 80 96 
15 0.85 17 3 20 

70 25 5 18 76 44 21 7 46 43 90 60 86 42 38 73 17 74 65 47 
16 0.846154 22 4 26 

42 16 11 65 57 12 52 18 20 47 39 87 90 58 89 1 63 85 82 24 
17 0.842105 32 6 38 

14 46 4 49 1 91 52 77 63 26 94 55 64 73 31 23 85 72 32 13 
18 0.842105 32 6 38 

99 78 49 91 72 48 85 24 18 36 25 69 4 58 79 10 75 2 55 43 
19 0.84 42 8 50 

80 59 95 19 65 27 83 77 3 20 51 24 40 18 44 98 85 69 58 7 
20 0.84 42 8 50 

78 58 47 3 15 30 56 42 79 73 57 6 37 61 45 32 46 60 72 35 
21 0.839286 47 9 56 

68 60 22 84 14 91 7 31 40 4 34 86 99 67 46 94 87 5 90 83 
22 0.833333 35 7 42 

20 36 63 75 72 40 91 25 33 95 38 54 42 14 67 4 69 46 12 61 
23 0.826923 43 9 52 

99 14 10 7 45 94 87 13 80 60 77 70 55 33 27 4 28 26 58 38 
24 0.82 41 9 50 

23 17 4 22 79 98 32 57 68 30 85 65 76 28 69 78 31 37 80 73 
25 0.8125 26 6 32 

93 88 89 91 87 39 32 66 98 29 19 57 31 81 73 69 30 3 84 10 
26 0.810345 47 11 58 

61 0 22 24 17 31 65 37 71 87 83 8 67 1 42 80 73 25 36 99 
27 0.809524 34 8 42 

23 3 88 83 48 93 30 34 38 9 69 36 87 52 25 57 46 13 51 24 
28 0.809524 34 8 42 

18 44 23 54 7 72 39 67 57 15 86 79 95 76 4 93 35 36 87 10 
29 0.809524 34 8 42 

18 35 24 0 91 93 50 67 94 25 73 65 29 95 21 10 15 6 56 87 
30 0.805556 29 7 36 

67 52 58 59 23 53 37 30 79 49 96 42 70 68 10 98 7 2 36 66 
31 0.805556 29 7 36 

67 38 23 50 19 24 93 94 56 13 29 87 58 69 53 60 11 66 54 59 
32 0.804348 37 9 46 

38 50 99 14 68 35 15 69 82 63 57 72 22 58 4 91 79 61 65 1 
33 0.8 24 6 30 

30 57 98 78 89 58 18 85 25 21 68 77 2 66 99 0 81 54 42 12 
34 0.8 24 6 30 

87 94 75 62 95 98 5 67 57 97 12 46 41 15 21 77 82 1 84 31 
35 0.8 32 8 40 

18 14 25 87 49 37 5 59 8 27 0 82 51 91 69 83 54 33 1 34 
36 0.8 32 8 40 

18 50 87 45 7 35 84 14 20 12 30 39 24 79 49 56 19 78 37 54 
37 0.8 16 4 20 

78 58 11 49 18 34 46 60 25 70 71 26 98 17 79 47 81 88 51 87 
38 0.8 32 8 40 

26 72 92 87 68 44 66 4 79 10 83 84 40 21 32 98 77 20 42 24 
39 0.8 32 8 40 

45 58 54 89 17 37 60 75 23 92 9 4 46 73 86 67 35 62 11 34 
40 0.795455 35 9 44 

4 34 9 33 8 77 87 21 65 42 20 14 80 75 63 84 68 24 27 50 
41 0.795455 35 9 44 

33 61 0 87 13 11 57 89 55 58 54 21 41 3 35 98 85 37 31 76 
42 0.791667 19 5 24 

54 85 78 87 57 34 90 86 17 46 75 68 15 50 36 42 12 96 2 45 
43 0.791667 38 10 48 

10 93 16 30 20 91 87 72 60 49 85 62 48 75 52 0 18 11 33 65 
44 0.791667 38 10 48 

31 69 7 66 67 41 57 33 49 50 21 89 48 91 84 56 8 81 98 34 
45 0.791667 19 5 24 

58 79 43 17 26 70 66 39 5 98 57 55 77 4 1 6 80 62 7 95 
46 0.791667 19 5 24 

58 67 75 69 94 0 50 1 9 42 68 87 49 18 66 29 77 59 7 27 
47 0.789474 30 8 38 

57 41 71 78 10 47 6 18 36 96 46 76 38 87 33 48 86 45 74 61 
48 0.789474 30 8 38 

60 43 68 48 91 57 79 20 16 35 33 77 2 89 75 54 17 98 97 80 
49 0.788462 41 11 52 

4 10 27 49 0 81 6 20 69 82 41 44 17 66 87 2 5 42 59 58 
50 0.785714 44 12 56 

85 77 86 20 83 34 54 5 18 70 46 9 98 61 19 56 47 58 31 74 
51 0.785714 33 9 42 

79 21 72 36 10 84 87 94 27 5 83 67 42 89 19 69 12 1 98 30 
52 0.777778 28 8 36 

47 28 55 79 88 75 21 60 99 0 90 36 22 80 58 1 30 10 27 46 
53 0.777778 28 8 36 

46 94 11 75 16 87 57 98 73 74 37 20 56 5 66 52 97 82 4 78 
54 0.777778 28 8 36 

60 43 55 46 73 3 79 14 2 30 77 1 78 61 21 38 91 8 96 52 
55 0.775 31 9 40 

52 6 44 18 15 26 89 56 98 80 57 19 67 62 84 78 87 88 3 76 
56 0.770833 37 11 48 

87 75 32 98 68 73 11 23 4 42 88 17 83 51 92 52 99 69 5 81 
57 0.769231 20 6 26 

12 44 87 13 4 39 33 26 65 37 42 81 43 57 45 71 88 75 38 54 
58 0.769231 40 12 52 

87 53 85 18 91 75 93 58 98 46 3 51 72 92 62 9 82 89 84 22 
59 0.769231 20 6 26 

32 64 80 41 63 88 98 47 21 83 84 37 79 72 86 2 11 18 52 48 
60 0.769231 20 6 26 

52 4 61 68 82 72 59 37 17 94 77 98 22 50 60 90 47 88 58 56 
61 0.766667 23 7 30 

5 96 33 87 49 24 65 26 7 21 44 80 50 31 9 58 63 89 71 30 
62 0.766667 23 7 30 

51 63 28 80 86 79 40 14 5 37 92 54 87 70 36 35 65 73 75 6 
63 0.763158 29 9 38 

87 95 85 0 65 5 72 69 48 84 9 58 46 39 54 19 80 17 79 96 
64 0.763158 29 9 38 

80 37 72 68 73 79 47 67 89 90 20 38 62 70 43 36 27 69 14 87 
65 0.761905 32 10 42 

25 6 20 65 64 66 74 19 21 81 5 98 16 10 69 82 95 72 73 68 
66 0.761905 32 10 42 

70 99 4 29 47 9 17 45 3 78 30 8 40 88 58 98 92 42 87 27 
67 0.76087 35 11 46 

49 53 87 21 71 43 6 15 98 81 20 38 61 2 40 51 19 54 26 31 
68 0.76 38 12 50 

68 92 10 87 4 86 56 51 69 20 46 74 48 13 24 9 45 39 90 99 
69 0.75 33 11 44 

13 77 92 17 56 99 95 27 74 45 87 65 15 30 93 26 59 18 31 3 
70 0.75 24 8 32 

71 87 37 8 50 84 95 96 51 76 74 40 57 99 33 54 36 6 79 69 
71 0.75 24 8 32 

88 15 46 55 58 47 29 17 91 99 2 77 11 97 48 61 62 54 95 67 
72 0.75 27 9 36 

34 74 94 28 39 98 50 18 66 96 57 42 56 60 12 63 33 10 19 35 
73 0.75 30 10 40 

5 44 28 8 93 69 98 0 49 19 6 54 91 39 10 66 20 18 79 84 
74 0.75 24 8 32 

87 86 83 48 57 46 20 62 55 90 18 82 96 14 66 29 70 69 95 99 
75 0.75 21 7 28 

53 84 6 9 70 57 13 15 54 78 43 87 27 10 75 5 3 59 47 58 
76 0.75 30 10 40 

17 64 24 51 20 8 23 80 35 53 92 83 87 3 84 5 56 94 16 76 
77 0.75 27 9 36 

68 51 89 90 7 87 53 46 48 78 21 71 38 62 20 40 83 8 98 3 
78 0.75 24 8 32 

98 43 17 80 53 34 71 21 56 54 77 57 29 86 14 91 58 61 45 85 
79 0.75 39 13 52 

83 80 10 59 67 13 30 60 87 77 38 22 32 93 16 66 15 82 49 35 
80 0.75 27 9 36 

24 14 51 18 86 71 26 55 31 69 8 38 0 98 65 46 95 91 43 83 
81 0.75 36 12 48 

79 6 3 32 65 91 40 80 50 43 5 46 24 98 28 93 14 37 11 25 
82 0.75 36 12 48 

28 53 38 51 54 17 52 33 69 84 58 82 18 57 39 89 42 20 0 11 
83 0.75 24 8 32 

71 42 13 60 5 31 90 9 26 77 33 46 49 92 88 8 93 87 16 0 
84 0.741935 46 16 62 

40 87 21 89 97 11 72 32 33 60 65 7 54 90 49 19 16 10 94 91 
85 0.74 37 13 50 

28 38 60 87 71 33 24 76 92 83 84 5 55 80 50 65 4 54 0 16 
86 0.738095 31 11 42 

64 60 42 59 40 2 28 63 1 85 43 23 38 61 16 48 98 86 27 87 
87 0.738095 31 11 42 

66 89 75 25 82 63 54 10 59 68 96 22 93 79 45 87 40 18 20 42 
88 0.738095 31 11 42 

77 36 2 66 45 10 23 68 64 35 87 4 9 50 89 42 20 49 24 93 
89 0.736842 28 10 38 

16 61 59 9 39 30 91 21 44 88 57 54 65 37 26 64 97 76 10 69 
90 0.736842 28 10 38 

37 79 22 17 82 74 29 27 73 21 49 5 15 87 57 2 12 88 18 13 
91 0.736842 28 10 38 

72 68 3 20 73 41 55 16 38 96 88 36 87 6 13 81 21 23 24 17 
92 0.735294 25 9 34 

11 69 15 52 53 75 44 80 89 67 78 28 2 46 24 38 99 17 61 77 
93 0.735294 25 9 34 

35 93 25 43 47 63 10 80 48 89 82 36 87 95 81 11 40 8 51 2 
94 0.733333 22 8 30 

66 43 30 7 86 94 46 64 91 10 20 16 13 4 11 96 80 54 18 72 
95 0.733333 22 8 30 

59 79 48 98 4 38 82 74 93 90 36 84 69 49 96 73 77 85 81 62 
96 0.730769 19 7 26 

0 67 21 78 98 80 66 56 87 99 40 22 59 79 4 2 45 82 55 48 
97 0.729167 35 13 48 

23 49 79 57 67 45 47 6 8 44 5 80 66 46 42 69 62 87 17 28 
98 0.727273 32 12 44 

87 18 92 65 67 30 40 91 28 95 53 66 43 46 68 89 4 34 71 85 
99 0.727273 32 12 44 

94 11 99 74 61 89 87 45 39 80 22 26 37 91 82 66 95 92 69 60 
100 0.727273 32 12 44 

26 44 87 98 13 39 86 31 89 54 5 37 49 75 1 4 93 79 12 28 
101 0.725 29 11 40 

51 6 52 75 66 15 46 69 79 2 22 87 28 81 48 34 49 82 33 70 
102 0.725 29 11 40 

62 67 58 89 98 24 90 35 13 73 74 72 97 40 5 64 92 41 77 76 
103 0.724138 42 16 58 

42 93 17 65 70 5 28 72 7 46 82 3 19 52 34 40 83 61 85 14 
104 0.722222 26 10 36 

87 94 57 90 11 49 61 4 88 20 40 38 45 58 66 48 42 67 60 93 
105 0.722222 26 10 36 

55 69 61 54 56 33 50 27 86 44 70 46 30 9 20 90 5 21 80 98 
106 0.722222 39 15 54 

26 90 6 87 44 66 11 35 42 83 60 63 10 65 14 34 5 91 20 55 
107 0.722222 26 10 36 

18 42 12 66 51 79 13 58 82 62 90 8 28 92 95 75 4 85 22 76 
108 0.722222 26 10 36 

68 7 53 20 79 46 34 36 24 43 40 18 14 17 8 38 30 54 56 62 
109 0.72 36 14 50 

63 26 78 29 98 73 75 79 66 95 27 10 48 58 30 22 71 11 86 12 
110 0.72 36 14 50 

86 57 82 11 60 7 90 3 20 98 48 87 84 24 85 69 2 96 42 35 
111 0.71875 23 9 32 

2 29 94 57 91 53 40 77 22 47 55 46 78 26 72 62 80 79 49 17 
112 0.717391 33 13 46 

49 8 96 47 35 81 98 86 59 39 5 42 62 19 36 83 10 27 23 29 
113 0.717391 33 13 46 

39 53 88 60 47 76 25 72 77 81 2 89 19 18 91 87 22 78 83 28 
114 0.716667 43 17 60 

91 71 53 36 7 3 25 15 85 20 65 31 72 90 81 43 4 70 78 46 
115 0.714286 30 12 42 

1 87 68 86 44 15 31 83 20 48 71 54 22 88 35 10 73 63 89 98 
116 0.714286 30 12 42 

17 26 30 98 24 72 80 79 39 31 59 84 57 78 81 60 20 5 33 41 
117 0.714286 30 12 42 

24 50 15 67 6 80 16 36 31 58 89 64 14 10 65 56 39 62 66 42 
118 0.714286 20 8 28 

51 95 60 69 17 40 63 18 81 27 10 91 77 90 9 4 59 50 8 38 
119 0.714286 30 12 42 

21 24 37 1 84 77 87 69 30 35 72 93 45 76 4 41 49 23 52 31 
120 0.714286 20 8 28 

43 50 32 12 27 75 89 51 83 20 82 72 17 57 33 98 88 46 48 21 
121 0.714286 30 12 42 

29 0 92 32 23 12 22 30 5 33 72 69 54 43 1 25 58 4 64 77 
122 0.714286 20 8 28 

49 74 57 20 24 79 52 56 80 1 51 68 0 75 88 34 86 54 17 70 
123 0.711538 37 15 52 

40 24 80 58 51 76 52 89 96 62 65 34 15 77 45 81 73 88 59 42 
124 0.711538 37 15 52 

43 11 85 78 46 82 61 12 8 18 66 4 86 30 90 50 33 40 88 69 
125 0.710526 27 11 38 

70 17 44 26 13 59 11 18 54 37 1 34 81 41 31 98 68 52 21 2 
126 0.710526 27 11 38 

72 91 8 22 9 83 21 7 98 77 71 65 37 74 40 62 95 11 24 60 
127 0.710526 27 11 38 

71 42 35 53 66 5 69 30 28 9 75 64 73 14 91 16 46 50 38 25 
128 0.710526 27 11 38 

65 43 57 79 52 60 87 11 68 35 27 88 8 30 34 44 78 67 51 54 
129 0.708333 34 14 48 

69 38 84 45 80 15 95 32 43 10 5 68 65 61 28 66 35 92 70 42 
130 0.708333 17 7 24 

21 60 47 98 93 66 20 11 74 27 18 58 81 45 87 44 53 94 17 29 
131 0.708333 34 14 48 

26 45 21 73 93 97 7 55 52 15 25 53 87 88 58 40 33 20 42 8 
132 0.705882 24 10 34 

10 20 49 24 90 73 96 56 91 61 79 88 95 9 59 2 36 98 55 23 
133 0.705882 24 10 34 

2 6 34 46 22 73 86 43 44 54 64 83 98 37 81 57 31 51 49 30 
134 0.705882 24 10 34 

82 46 92 38 5 79 84 68 13 44 60 98 74 66 3 64 87 62 10 55 
135 0.705882 24 10 34 

84 15 27 73 77 98 8 7 99 85 68 30 19 81 87 31 10 94 69 75 
136 0.704545 31 13 44 

71 98 43 31 81 65 21 54 24 35 34 67 33 64 10 47 68 30 14 4 
137 0.704545 31 13 44 

36 72 51 88 77 91 25 15 82 1 14 42 29 28 87 50 45 32 39 57 
138 0.703704 38 16 54 

78 76 54 75 7 41 16 64 33 30 87 72 12 59 92 91 4 88 46 45 
139 0.7 21 9 30 

12 50 75 44 87 72 32 8 56 67 9 60 43 10 95 28 69 5 18 39 
140 0.7 21 9 30 

87 29 91 70 48 17 13 33 99 54 49 8 81 44 78 45 5 59 65 88 
141 0.696429 39 17 56 

35 77 87 68 78 57 70 2 88 5 25 80 42 56 6 18 62 86 83 66 
142 0.695652 32 14 46 

6 24 43 57 30 71 47 55 3 2 4 40 77 51 28 42 37 66 46 39 
143 0.695652 32 14 46 

3 51 60 42 49 18 22 45 50 83 31 77 30 34 38 70 12 29 73 55 
144 0.695652 32 14 46 

89 12 97 29 52 38 85 33 54 45 21 81 53 70 18 87 71 49 90 4 
145 0.695652 32 14 46 

46 19 67 99 66 36 29 79 33 98 77 4 6 59 61 62 21 89 84 9 
146 0.694444 25 11 36 

38 84 22 80 21 81 85 33 90 9 28 88 2 4 63 76 51 87 74 79 
147 0.694444 25 11 36 

70 86 33 52 59 6 1 63 26 92 47 77 21 10 75 58 12 22 69 23 
148 0.694444 25 11 36 

87 64 21 62 47 5 78 15 46 70 28 37 67 82 60 51 96 7 32 58 
149 0.694444 25 11 36 

12 15 80 63 39 98 38 26 62 30 51 81 87 75 2 43 53 10 27 67 
150 0.692308 36 16 52 

59 44 69 11 10 22 60 98 61 24 67 49 53 90 37 7 35 93 18 73 
151 0.692308 18 8 26 

78 4 27 85 97 82 98 57 80 26 91 14 30 89 13 16 74 47 70 88 
152 0.692308 18 8 26 

93 44 77 64 80 39 20 87 72 88 5 22 25 92 86 54 91 70 56 53 
153 0.690476 29 13 42 

36 75 84 58 30 35 11 60 97 18 0 3 61 64 5 67 46 72 19 56 
154 0.690476 29 13 42 

37 69 49 6 79 46 4 20 34 25 74 21 18 53 30 28 50 60 36 54 
155 0.6875 33 15 48 

49 98 14 29 70 60 38 36 86 26 30 5 61 58 78 6 84 25 99 65 
156 0.6875 22 10 32 

97 87 10 6 1 56 58 37 61 38 78 8 41 42 28 54 68 76 2 26 
157 0.6875 33 15 48 

50 14 71 28 81 75 16 45 20 79 76 42 44 41 54 87 95 63 74 70 
158 0.6875 33 15 48 

86 74 1 26 65 3 56 76 67 62 21 51 5 23 54 0 11 6 18 87 
159 0.6875 22 10 32 

72 98 16 56 70 93 57 73 4 14 19 78 6 61 85 27 64 18 59 11 
160 0.6875 22 10 32 

64 99 71 81 38 62 83 5 0 20 52 74 21 41 6 91 47 16 42 73 
161 0.684211 26 12 38 

42 80 73 70 64 10 11 51 24 65 17 50 32 79 20 55 78 23 52 9 
162 0.684211 26 12 38 

59 55 13 58 23 79 47 96 57 42 52 85 89 24 28 40 92 27 32 78 
163 0.684211 26 12 38 

83 73 91 55 35 93 96 4 80 26 30 34 12 39 53 62 41 59 17 97 
164 0.684211 26 12 38 

47 82 53 91 55 50 69 66 54 72 7 0 10 61 88 74 83 30 87 48 
165 0.681818 30 14 44 

81 9 15 46 25 11 50 27 56 62 99 3 18 37 2 48 21 87 74 10 
166 0.681818 30 14 44 

2 84 62 48 31 37 45 20 55 91 22 46 5 80 36 79 89 58 8 15 
167 0.681818 30 14 44 

75 13 78 67 47 85 70 15 62 58 36 19 26 92 86 99 97 98 96 37 
168 0.681818 30 14 44 

23 5 33 54 43 3 37 71 74 89 38 26 96 46 99 17 10 79 87 14 
169 0.68 34 16 50 

55 87 26 70 77 89 79 40 22 85 47 67 35 10 97 9 93 4 72 20 
170 0.676471 23 11 34 

57 63 94 59 74 80 97 72 53 33 69 24 51 29 75 25 43 70 66 87 
171 0.675 27 13 40 

69 0 97 64 79 75 30 91 37 22 1 21 40 14 26 63 88 24 3 18 
172 0.675 27 13 40 

29 20 28 80 12 94 19 9 3 85 91 84 58 82 92 47 10 15 4 33 
173 0.673913 31 15 46 

42 58 12 70 80 25 90 85 52 81 72 94 49 40 45 47 53 87 99 9 
174 0.673913 31 15 46 

55 98 40 42 37 20 2 33 59 29 28 99 54 52 23 32 96 46 39 24 
175 0.673077 35 17 52 

91 68 44 72 60 71 64 11 38 86 83 26 24 57 32 54 61 55 70 10 
176 0.666667 36 18 54 

70 98 76 3 19 37 90 96 15 95 43 9 52 92 42 0 59 11 35 80 
177 0.666667 28 14 42 

77 39 87 74 96 49 79 69 40 16 54 88 75 10 45 23 53 33 12 1 
178 0.666667 36 18 54 

43 65 52 83 86 10 11 96 31 42 61 19 51 48 72 93 58 18 71 34 
179 0.666667 24 12 36 

12 26 48 40 80 25 18 65 60 91 83 5 87 28 39 22 13 49 62 59 
180 0.666667 32 16 48 

58 12 18 96 46 25 6 61 44 94 98 3 39 5 20 55 47 2 48 30 
181 0.666667 16 8 24 

71 16 8 68 91 72 59 78 65 40 96 10 45 37 6 46 9 22 4 60 
182 0.666667 24 12 36 

46 97 22 3 12 72 94 42 31 91 90 53 43 75 52 39 54 9 88 80 
183 0.666667 16 8 24 

20 59 42 26 93 31 28 15 67 61 81 22 7 95 83 49 73 23 89 18 
184 0.666667 20 10 30 

59 95 92 96 68 76 3 62 0 4 38 17 58 67 77 43 12 70 52 73 
185 0.666667 24 12 36 

55 8 2 51 36 76 58 64 60 30 80 56 41 17 52 89 42 19 10 11 
186 0.666667 28 14 42 

59 97 43 39 87 19 25 83 54 68 49 73 4 99 96 63 27 76 24 91 
187 0.666667 20 10 30 

33 87 57 40 65 78 45 34 17 18 92 2 76 35 15 9 14 90 27 53 
188 0.666667 32 16 48 

49 36 11 67 24 92 90 61 86 87 40 81 46 17 23 51 3 26 12 20 
189 0.666667 24 12 36 

20 67 50 84 92 54 69 71 30 25 28 79 75 21 65 10 53 3 5 91 
190 0.666667 32 16 48 

75 58 35 96 53 57 37 36 11 89 76 52 6 25 22 99 80 93 42 90 
191 0.666667 20 10 30 

87 78 67 47 83 39 4 37 96 45 85 19 64 99 72 42 71 89 22 95 
192 0.666667 32 16 48 

66 60 91 41 74 38 87 40 93 69 59 73 62 97 17 8 43 81 50 45 
193 0.666667 28 14 42 

67 87 71 54 25 60 51 15 26 46 76 9 75 24 12 17 86 69 57 93 
194 0.666667 40 20 60 

70 57 46 23 72 67 71 15 59 52 76 61 53 68 38 80 50 47 34 22 
195 0.666667 24 12 36 

70 20 15 5 9 27 42 12 99 63 44 51 14 67 50 21 7 72 0 38 
196 0.666667 20 10 30 

67 17 99 87 70 85 55 81 20 96 43 66 28 40 98 16 15 35 60 22 
197 0.666667 40 20 60 

94 91 56 42 17 31 15 41 86 79 11 13 37 70 57 10 12 92 51 82 
198 0.666667 24 12 36 

91 54 17 78 49 79 46 34 66 45 41 42 9 56 35 31 63 52 74 83 
199 0.660714 37 19 56 

98 64 38 26 95 97 86 61 6 58 30 54 13 15 78 99 49 53 7 77 
200 0.660714 37 19 56 

4 56 38 17 85 78 32 64 86 83 65 79 25 95 42 66 6 49 98 41 
201 0.660714 37 19 56 

66 91 5 8 81 86 4 61 98 1 43 17 28 79 92 56 38 48 57 94 
202 0.659091 29 15 44 

95 33 58 1 43 9 31 44 67 91 49 4 28 78 37 18 13 56 57 11 
203 0.657895 25 13 38 

28 92 15 72 19 71 33 39 76 11 78 3 9 52 77 20 10 50 91 86 
204 0.657895 25 13 38 

92 62 61 30 57 63 76 37 75 27 90 97 91 74 18 98 15 12 71 72 
205 0.657895 25 13 38 

57 69 49 91 26 41 75 35 76 54 9 2 62 42 87 99 64 30 32 40 
206 0.657143 46 24 70 

92 24 13 57 6 84 87 70 47 99 1 68 55 30 0 73 80 34 77 41 
207 0.65625 21 11 32 

25 58 86 43 92 67 28 87 83 2 78 16 41 71 77 53 63 7 3 64 
208 0.65625 21 11 32 

23 12 13 52 62 68 14 87 98 45 57 78 2 96 42 43 27 51 9 89 
209 0.65625 21 11 32 

25 20 52 28 86 30 47 34 42 9 7 99 59 65 69 63 79 35 54 82 
210 0.65625 21 11 32 

17 12 70 92 49 65 27 55 30 66 77 79 35 86 8 33 1 80 71 91 
211 0.65625 21 11 32 

95 42 80 49 89 40 96 64 25 33 17 41 36 32 78 22 98 46 16 52 
212 0.65625 21 11 32 

90 12 87 35 54 98 97 19 41 50 0 23 62 52 83 57 66 22 78 13 
213 0.65625 21 11 32 

48 92 73 94 80 53 78 24 10 69 44 32 36 54 3 5 18 28 87 56 
214 0.65625 21 11 32 

55 27 24 31 59 10 76 36 42 15 22 70 74 6 54 81 66 29 69 17 
215 0.653846 34 18 52 

2 39 82 20 90 83 6 30 98 16 96 60 88 0 24 25 69 47 58 10 
216 0.653846 34 18 52 

4 22 39 37 24 72 8 31 81 48 90 75 35 62 69 14 58 45 16 41 
217 0.652174 30 16 46 

91 50 55 26 32 40 13 18 80 84 2 75 87 20 79 36 8 70 68 7 
218 0.652174 30 16 46 

91 77 39 16 22 83 44 57 50 37 84 70 54 20 0 75 23 76 33 95 
219 0.65 26 14 40 

94 40 68 7 1 52 15 77 76 57 96 61 30 43 99 91 98 17 27 33 
220 0.65 26 14 40 

24 30 3 69 27 91 64 79 72 66 99 75 20 70 49 25 63 60 17 55 
221 0.65 26 14 40 

99 2 86 11 44 30 72 93 79 98 26 52 33 64 1 36 39 42 59 91 
222 0.65 39 21 60 

77 7 49 69 88 60 80 95 42 81 13 46 5 90 31 37 30 64 22 66 
223 0.65 26 14 40 

44 1 73 60 50 58 28 22 14 17 0 57 8 38 40 11 24 86 13 5 
224 0.65 26 14 40 

42 63 65 21 34 50 38 74 14 69 29 36 18 98 61 47 71 46 41 87 
225 0.65 13 7 20 

97 38 88 61 87 52 73 25 58 39 29 21 1 74 41 10 5 7 20 15 
226 0.647059 22 12 34 

14 97 82 33 35 73 94 59 64 21 37 72 49 31 12 86 22 17 18 8 
227 0.642857 18 10 28 

81 67 0 97 21 93 87 80 78 54 12 79 66 98 31 24 22 73 76 16 
228 0.642857 27 15 42 

16 29 3 22 4 91 15 67 13 56 66 50 64 42 87 74 58 24 28 17 
229 0.642857 27 15 42 

85 25 15 72 91 36 62 39 27 57 14 50 52 79 41 81 0 42 90 59 
230 0.642857 18 10 28 

24 7 83 11 98 40 18 87 0 35 1 30 44 15 50 22 64 59 71 8 
231 0.642857 36 20 56 

26 76 91 97 8 75 2 16 23 73 55 34 93 77 84 72 66 52 87 60 
232 0.642857 27 15 42 

29 66 58 37 77 28 17 89 49 46 54 45 72 2 32 47 93 59 53 88 
233 0.642857 36 20 56 

69 22 33 27 76 15 90 10 71 12 80 23 60 73 38 37 49 86 25 24 
234 0.64 32 18 50 

73 39 80 14 8 11 16 77 67 49 5 37 34 7 91 28 18 23 47 71 
235 0.64 32 18 50 

98 39 46 7 79 81 58 10 54 63 11 48 62 66 29 50 27 76 1 65 
236 0.64 32 18 50 

17 76 90 15 42 99 28 71 60 61 51 65 58 0 54 72 78 21 1 31 
237 0.638889 23 13 36 

4 0 58 34 30 53 37 24 13 32 60 2 11 65 84 82 92 77 51 38 
238 0.638889 23 13 36 

76 34 98 20 54 65 13 33 73 22 94 14 59 45 40 58 82 87 19 92 
239 0.638889 23 13 36 

44 64 88 91 58 16 34 14 6 66 32 89 62 20 17 41 54 51 2 85 
240 0.638889 23 13 36 

63 28 66 42 88 79 58 22 11 39 68 90 67 54 27 34 84 69 86 36 
241 0.638889 23 13 36 

23 90 59 65 2 80 42 38 33 27 69 68 75 76 20 43 49 64 93 29 
242 0.638889 23 13 36 

68 40 87 2 12 91 7 88 27 46 24 99 64 35 56 90 96 44 30 89 
243 0.638889 23 13 36 

60 85 64 62 77 14 17 89 59 30 24 25 50 11 41 69 33 67 20 97 
244 0.636364 28 16 44 

17 64 70 34 18 39 47 8 92 33 44 49 41 98 73 56 68 61 19 38 
245 0.636364 28 16 44 

13 58 9 8 56 82 61 37 14 0 19 99 86 54 35 15 10 41 18 4 
246 0.636364 28 16 44 

41 95 26 5 4 7 72 32 45 55 83 47 93 80 43 6 91 42 2 73 
247 0.634615 33 19 52 

19 2 42 13 66 49 29 9 18 78 68 82 10 41 86 0 87 26 93 21 
248 0.633333 19 11 30 

80 31 50 35 85 29 54 49 10 76 9 63 91 96 46 44 8 53 56 83 
249 0.633333 19 11 30 

66 5 64 43 79 25 47 1 98 16 12 17 42 54 84 62 77 34 53 95 
250 0.633333 19 11 30 

7 54 50 76 70 33 79 23 42 20 2 84 52 19 69 99 78 6 49 27 
251 0.633333 19 11 30 

3 36 94 59 24 87 52 22 69 88 72 27 29 93 43 49 13 11 66 19 
252 0.633333 19 11 30 

20 72 54 76 6 68 27 17 46 29 90 99 49 4 81 86 30 26 36 77 
253 0.631579 24 14 38 

36 73 87 67 31 47 63 19 35 70 20 12 43 14 37 6 18 13 25 88 
254 0.630435 29 17 46 

48 86 28 13 87 8 61 37 53 81 40 35 79 88 49 97 3 60 94 54 
255 0.630435 29 17 46 

86 73 87 34 95 7 49 9 38 63 60 24 1 20 99 25 4 91 33 2 
256 0.630435 29 17 46 

52 11 83 86 65 88 19 32 58 60 21 25 6 98 8 12 14 89 30 90 
257 0.630435 29 17 46 

58 93 69 97 22 30 33 55 20 4 13 71 32 76 65 77 98 92 8 88 
258 0.630435 29 17 46 

13 59 36 97 76 23 89 38 52 16 86 3 12 90 96 40 98 58 50 26 
259 0.62963 34 20 54 

54 62 79 59 71 0 17 64 74 21 10 34 1 25 45 48 77 37 27 24 
260 0.62963 34 20 54 

77 22 71 89 18 37 68 0 69 5 93 78 88 4 53 16 52 34 87 26 
261 0.629032 39 23 62 

14 93 91 66 60 98 8 2 35 47 81 48 51 87 34 44 25 76 94 36 
262 0.625 25 15 40 

78 3 19 46 18 45 9 7 84 0 83 91 89 77 17 48 47 23 24 73 
263 0.625 35 21 56 

18 59 75 15 93 36 32 85 49 54 30 86 1 66 20 8 55 58 13 52 
264 0.625 20 12 32 

40 41 67 84 80 26 98 15 3 43 8 94 12 33 45 14 91 24 10 78 
265 0.625 20 12 32 

73 62 72 96 49 16 3 7 91 15 48 64 82 29 12 26 47 75 98 35 
266 0.625 20 12 32 

42 87 63 41 8 48 5 12 73 56 79 28 60 89 23 19 92 65 81 10 
267 0.625 35 21 56 

25 47 18 86 5 35 44 96 62 79 40 56 67 50 58 49 65 11 99 82 
268 0.625 20 12 32 

78 73 1 18 0 14 19 44 94 45 30 97 52 17 91 96 60 54 89 92 
269 0.625 25 15 40 

21 98 36 85 32 43 92 46 48 23 84 44 65 54 52 37 1 67 96 24 
270 0.625 15 9 24 

0 45 70 18 17 79 93 90 2 77 47 55 44 68 58 34 24 9 14 69 
271 0.62 31 19 50 

30 38 76 11 86 82 27 89 45 16 74 72 25 87 22 75 49 88 60 70 
272 0.619048 26 16 42 

87 97 52 56 49 15 16 43 35 95 37 73 33 20 24 80 74 32 78 48 
273 0.617647 21 13 34 

10 75 55 50 20 97 51 86 5 31 58 39 8 38 23 64 19 77 0 70 
274 0.617647 21 13 34 

71 54 81 26 42 73 99 61 66 14 90 67 28 80 76 69 64 77 60 91 
275 0.617647 21 13 34 

57 83 13 68 95 4 24 72 8 88 71 56 58 10 31 62 36 96 80 40 
276 0.617647 21 13 34 

38 34 87 53 41 20 7 97 63 11 91 55 79 17 75 35 37 25 33 85 
277 0.617647 21 13 34 

57 0 36 27 24 54 55 85 1 83 43 38 17 91 11 77 89 68 74 49 
278 0.617647 21 13 34 

34 4 50 63 95 29 87 21 51 90 5 33 92 73 23 69 1 13 38 39 
279 0.617647 21 13 34 

0 25 55 72 10 37 38 35 1 47 70 97 36 68 3 14 18 81 54 92 
280 0.617647 21 13 34 

57 21 44 80 7 14 36 62 24 18 60 74 86 98 34 67 37 85 11 48 
281 0.615385 16 10 26 

5 26 97 20 51 17 21 58 89 36 67 65 41 53 98 56 6 40 24 52 
282 0.615385 16 10 26 

27 34 77 87 63 62 84 21 12 93 22 11 79 42 3 39 45 44 72 47 
283 0.615385 16 10 26 

94 91 45 35 32 62 48 70 3 64 34 44 69 4 85 39 16 10 38 6 
284 0.615385 32 20 52 

24 81 60 5 11 79 86 52 22 13 87 17 42 34 56 84 40 70 31 71 
285 0.615385 16 10 26 

45 44 12 67 43 52 58 57 55 83 27 18 71 77 81 73 62 74 9 60 
286 0.615385 32 20 52 

39 29 15 71 16 94 22 56 54 70 80 99 5 19 58 91 40 30 9 17 
287 0.615385 32 20 52 

51 47 16 58 76 71 89 18 74 93 10 42 0 35 22 12 31 34 85 99 
288 0.615385 16 10 26 

35 38 48 94 6 13 4 96 23 8 78 80 91 5 49 37 15 62 81 57 
289 0.613636 27 17 44 

68 5 95 10 26 58 40 76 2 98 19 92 18 27 9 70 86 73 16 12 
290 0.612903 38 24 62 

82 32 10 4 62 54 53 68 58 75 77 99 17 71 31 11 59 60 80 44 
291 0.611111 22 14 36 

39 58 94 40 48 42 51 89 72 59 21 68 35 95 17 77 26 84 78 73 
292 0.611111 22 14 36 

9 33 12 98 32 37 47 44 21 63 59 20 29 40 46 97 71 82 58 13 
293 0.611111 33 21 54 

45 20 48 17 47 71 19 46 4 28 96 98 22 16 27 14 62 59 81 74 
294 0.611111 33 21 54 

40 7 90 52 64 37 70 15 85 89 58 14 22 17 38 88 5 67 79 69 
295 0.608696 28 18 46 

44 94 25 49 70 88 52 83 65 45 42 10 95 38 32 91 51 35 16 13 
296 0.607143 17 11 28 

31 15 75 20 51 17 16 97 79 37 35 65 53 43 99 77 7 41 13 27 
297 0.607143 17 11 28 

63 76 82 46 80 57 18 54 1 31 19 48 56 33 36 74 30 10 21 14 
298 0.605263 23 15 38 

22 77 64 78 23 67 92 47 26 17 94 16 2 72 8 91 38 5 70 7 
299 0.605263 23 15 38 

76 85 91 52 83 16 82 15 88 38 5 37 69 12 45 29 75 24 44 79 
300 0.605263 23 15 38 

89 26 37 9 70 51 74 1 19 45 64 85 98 32 36 95 41 8 88 87 
301 0.605263 23 15 38 

65 78 26 38 18 69 35 16 0 95 57 9 20 92 96 41 89 44 91 68 
302 0.604167 29 19 48 

4 87 50 55 41 59 89 92 61 99 69 22 46 3 18 21 97 19 74 23 
303 0.604167 29 19 48 

41 45 38 32 0 16 6 65 10 43 7 61 55 9 67 94 91 58 78 73 
304 0.603448 35 23 58 

99 23 83 6 81 29 24 28 67 84 42 46 76 38 37 93 77 40 50 8 
305 0.603448 35 23 58 

32 71 93 49 26 79 92 51 90 98 91 11 10 38 52 45 5 12 37 86 
306 0.6 24 16 40 

66 49 52 53 21 11 96 72 8 44 43 18 37 91 73 34 47 32 19 30 
307 0.6 12 8 20 

22 69 80 54 47 0 38 66 70 91 61 31 27 76 50 94 84 36 23 57 
308 0.6 18 12 30 

28 98 80 10 4 49 15 76 31 35 47 63 51 7 79 92 99 54 38 2 
309 0.6 18 12 30 

73 91 85 21 94 29 12 96 83 33 54 63 43 59 80 65 26 72 78 25 
310 0.6 18 12 30 

75 15 12 33 96 22 47 43 98 38 79 60 25 44 26 20 49 4 50 72 
311 0.6 24 16 40 

93 47 69 39 82 44 21 50 59 15 38 63 29 72 46 35 64 26 19 10 
312 0.6 24 16 40 

77 9 33 56 47 95 90 41 89 12 50 34 46 78 98 62 42 79 5 4 
313 0.596154 31 21 52 

55 57 95 33 4 15 89 56 71 25 16 72 79 76 30 20 50 69 41 18 
314 0.595238 25 17 42 

55 46 1 11 18 47 12 50 35 85 76 83 77 74 67 65 41 0 17 32 
315 0.595238 25 17 42 

12 29 56 14 20 23 31 54 75 70 74 67 35 60 89 6 39 57 34 10 
316 0.59375 19 13 32 

69 30 49 59 4 97 56 33 28 36 48 61 17 55 75 91 99 80 19 98 
317 0.59375 19 13 32 

78 14 89 56 69 81 21 18 22 91 55 24 59 26 30 88 73 68 98 45 
318 0.590909 26 18 44 

36 7 20 49 19 30 79 25 66 98 89 94 97 53 10 40 0 91 93 22 
319 0.590909 26 18 44 

98 58 81 37 93 12 66 27 80 7 94 90 14 71 92 99 31 0 36 5 
320 0.590909 26 18 44 

6 86 3 19 91 0 33 22 85 69 82 11 89 67 63 80 99 87 88 2 
321 0.590909 26 18 44 

58 6 22 23 69 26 43 48 66 96 51 72 78 1 85 75 60 87 86 45 
322 0.590909 26 18 44 

87 64 40 6 30 43 32 67 23 62 24 88 56 76 35 42 97 1 38 45 
323 0.590909 26 18 44 

96 25 99 29 12 56 34 44 55 92 19 16 93 87 13 26 4 47 59 98 
324 0.590909 26 18 44 

21 47 62 53 45 81 58 69 93 13 20 24 76 72 7 9 15 73 3 11 
325 0.588235 20 14 34 

88 93 80 76 69 39 8 46 33 64 67 30 24 94 19 15 79 99 4 7 
326 0.588235 20 14 34 

33 51 19 4 17 2 27 74 98 59 10 91 16 38 0 62 34 42 56 36 
327 0.586957 27 19 46 

72 61 56 76 73 5 43 42 41 52 75 31 62 69 26 79 78 81 55 57 
328 0.586957 27 19 46 

39 61 93 16 77 54 33 4 2 80 38 3 55 46 25 59 81 94 99 64 
329 0.586957 27 19 46 

6 0 14 29 92 52 72 67 85 73 8 1 80 59 45 68 42 5 91 55 
330 0.583333 28 20 48 

21 38 22 32 56 79 58 18 10 72 74 5 28 9 96 39 16 47 52 80 
331 0.583333 14 10 24 

17 51 94 64 30 12 23 43 98 69 97 65 5 72 85 40 71 13 95 25 
332 0.583333 21 15 36 

92 90 6 22 58 40 32 46 64 24 77 96 25 83 69 3 0 12 51 68 
333 0.583333 21 15 36 

29 4 90 8 33 46 63 16 75 77 92 43 99 17 5 71 51 9 86 26 
334 0.583333 14 10 24 

84 61 19 64 45 91 93 87 40 0 7 38 74 65 1 97 81 53 69 8 
335 0.583333 21 15 36 

42 61 58 34 85 77 46 57 32 31 40 63 98 51 55 6 88 22 24 15 
336 0.583333 21 15 36 

85 2 50 95 58 0 7 44 54 56 91 45 68 23 82 86 94 39 90 98 
337 0.583333 14 10 24 

99 77 36 2 69 94 82 75 8 6 72 10 22 57 50 24 33 60 85 63 
338 0.583333 21 15 36 

94 69 25 14 0 68 64 82 87 45 62 86 73 31 27 18 38 37 93 71 
339 0.583333 21 15 36 

10 22 42 80 58 19 52 55 39 81 25 72 64 97 40 84 85 56 18 76 
340 0.583333 21 15 36 

49 99 17 81 30 74 35 27 31 67 12 96 60 90 48 95 41 80 68 61 
341 0.583333 14 10 24 

82 9 81 23 98 5 66 70 83 24 19 15 28 60 72 99 86 27 21 26 
342 0.583333 14 10 24 

53 51 85 90 46 4 58 55 39 98 9 28 56 78 15 67 71 29 1 47 
343 0.583333 21 15 36 

6 84 9 72 42 90 23 49 85 74 61 0 86 66 98 26 25 22 18 45 
344 0.58 29 21 50 

29 66 3 64 53 35 59 52 89 85 19 47 24 98 44 60 32 83 46 40 
345 0.578947 22 16 38 

2 13 39 65 83 67 21 69 73 30 29 90 3 35 34 76 27 19 41 4 
346 0.578947 22 16 38 

47 78 48 27 67 33 76 28 31 93 72 50 18 17 90 65 14 6 52 30 
347 0.578947 22 16 38 

18 5 77 21 47 82 85 28 6 4 86 23 80 45 43 60 58 39 34 46 
348 0.578947 22 16 38 

37 86 63 92 23 88 21 13 84 87 56 55 38 25 77 51 7 50 89 1 
349 0.578947 22 16 38 

16 61 1 69 73 39 83 57 26 71 42 51 72 23 32 81 35 76 22 20 
350 0.578947 22 16 38 

10 96 67 49 66 62 37 1 60 34 73 75 98 83 61 11 36 47 6 33 
351 0.576923 15 11 26 

74 85 15 36 7 40 99 27 58 83 90 73 88 28 49 37 76 64 72 71 
352 0.576923 30 22 52 

60 93 7 25 67 15 33 42 21 87 43 84 3 91 47 34 61 0 32 81 
353 0.575 23 17 40 

73 61 47 91 24 2 77 85 9 60 20 88 62 8 53 70 27 1 83 86 
354 0.575 23 17 40 

5 31 25 66 98 53 60 61 23 90 63 67 45 16 18 99 82 35 46 47 
355 0.575 23 17 40 

55 94 42 78 14 51 79 77 53 60 46 84 66 23 69 7 95 71 58 36 
356 0.575 23 17 40 

73 56 69 23 80 19 5 53 88 82 24 86 14 21 18 32 28 20 0 98 
357 0.575 23 17 40 

91 83 33 76 71 51 90 73 94 87 23 15 32 22 5 79 29 59 57 88 
358 0.574074 31 23 54 

51 85 6 22 88 30 70 26 86 67 73 90 99 69 57 9 46 11 55 10 
359 0.571429 24 18 42 

68 98 91 31 50 1 44 86 64 8 77 9 87 49 39 25 30 47 32 23 
360 0.571429 24 18 42 

62 50 83 46 75 38 71 12 19 85 55 27 84 45 20 21 7 81 37 74 
361 0.571429 24 18 42 

34 51 61 97 47 12 90 74 78 67 57 24 93 64 6 98 60 77 35 25 
362 0.571429 24 18 42 

45 81 11 33 32 73 41 92 28 34 47 1 44 5 64 20 42 54 80 58 
363 0.571429 32 24 56 

47 70 28 39 63 29 14 57 74 26 16 85 87 83 50 77 2 37 41 55 
364 0.571429 24 18 42 

62 54 12 99 28 33 50 51 75 36 68 78 9 10 92 91 30 46 35 84 
365 0.571429 16 12 28 

67 42 99 75 21 85 89 19 92 81 45 39 73 79 58 77 55 90 93 61 
366 0.571429 24 18 42 

47 5 64 82 63 51 37 22 54 20 8 9 50 71 28 34 94 35 58 85 
367 0.571429 24 18 42 

70 57 98 10 19 5 27 17 9 0 11 94 97 76 47 52 2 65 61 50 
368 0.571429 24 18 42 

18 80 79 2 7 67 74 68 48 60 50 27 70 90 82 95 86 39 56 22 
369 0.571429 24 18 42 

94 71 32 4 79 21 27 46 35 24 20 17 22 28 3 5 90 31 41 49 
370 0.571429 24 18 42 

84 69 13 10 70 81 49 61 46 53 76 35 36 29 50 98 55 78 12 60 
371 0.568966 33 25 58 

93 89 36 98 90 41 85 21 78 96 77 53 97 10 11 31 13 49 62 20 
372 0.568182 25 19 44 

22 78 11 21 32 59 73 4 51 17 49 79 8 38 26 20 66 87 92 40 
373 0.568182 25 19 44 

22 11 13 67 62 38 42 30 81 16 86 32 0 87 77 14 39 5 93 24 
374 0.568182 25 19 44 

14 61 90 13 91 4 45 20 42 40 6 21 60 17 93 86 8 50 49 32 
375 0.568182 25 19 44 

20 38 34 60 91 80 40 64 90 10 66 52 65 88 14 74 55 8 82 62 
376 0.568182 25 19 44 

22 24 66 20 42 77 78 64 38 7 21 75 88 35 29 15 11 23 73 12 
377 0.566667 17 13 30 

38 78 58 2 73 20 99 61 57 65 27 44 79 22 94 48 25 81 33 97 
378 0.566667 17 13 30 

11 7 53 0 79 80 98 47 42 63 66 41 61 2 89 38 51 31 83 35 
379 0.565217 26 20 46 

78 39 28 91 13 68 74 77 70 86 12 34 4 23 15 72 52 79 65 58 
380 0.565217 26 20 46 

44 76 66 0 75 10 33 80 63 72 40 13 84 85 2 86 17 83 98 82 
381 0.565217 26 20 46 

45 11 68 94 20 64 76 91 28 38 4 54 56 7 81 72 69 63 62 49 
382 0.5625 36 28 64 

91 23 96 30 75 83 42 2 41 35 48 18 89 56 66 76 24 73 15 3 
383 0.5625 27 21 48 

50 63 75 54 76 85 26 33 48 23 25 43 56 66 21 98 17 92 39 72 
384 0.5625 18 14 32 

56 90 98 29 16 89 66 81 79 23 35 7 19 94 4 68 17 11 33 12 
385 0.5625 18 14 32 

70 98 38 66 22 50 64 78 69 11 28 99 49 61 36 80 34 32 76 55 
386 0.5625 27 21 48 

74 63 52 59 18 30 87 88 79 90 12 26 16 94 45 50 82 15 29 8 
387 0.56 28 22 50 

71 8 46 78 38 15 14 31 81 43 1 60 80 34 44 51 77 27 66 87 
388 0.56 28 22 50 

66 18 95 97 58 30 84 79 56 60 14 20 69 15 61 43 90 34 92 21 
389 0.558824 19 15 34 

81 94 91 58 77 99 18 85 22 32 8 64 97 59 13 36 25 67 43 27 
390 0.558824 19 15 34 

73 98 97 2 17 22 19 80 89 13 93 90 58 9 82 38 0 94 66 12 
391 0.558824 19 15 34 

30 55 98 14 29 91 76 31 92 34 99 36 68 49 13 26 37 75 71 22 
392 0.558824 19 15 34 

10 67 47 24 95 26 13 59 63 77 78 62 75 41 54 80 69 43 71 64 
393 0.558824 19 15 34 

60 16 50 24 69 66 95 20 88 37 14 51 75 52 84 74 80 78 42 48 
394 0.558824 19 15 34 

12 67 55 7 95 19 81 64 65 14 34 94 69 79 41 6 42 16 8 91 
395 0.557692 29 23 52 

3 87 83 33 92 96 29 12 68 27 35 31 5 69 86 93 10 13 15 49 
396 0.557692 29 23 52 

95 25 56 77 34 14 52 8 39 61 99 64 57 74 60 58 73 45 5 98 
397 0.557692 29 23 52 

93 2 90 59 8 71 67 42 50 64 53 65 17 23 85 11 66 12 41 91 
398 0.555556 20 16 36 

89 28 77 92 83 9 44 72 57 16 41 73 40 95 87 85 0 53 1 66 
399 0.555556 20 16 36 

49 31 98 61 23 47 97 38 30 99 64 85 67 39 5 86 9 70 53 72 
400 0.555556 30 24 54 

13 59 54 24 40 83 63 25 77 97 93 36 57 64 48 37 52 47 3 73 
401 0.555556 20 16 36 

95 90 87 78 3 60 77 21 25 66 7 99 82 38 89 84 5 96 70 20 
402 0.555556 30 24 54 

17 45 12 43 60 48 57 51 50 19 54 36 83 59 91 90 47 40 42 23 
403 0.555556 20 16 36 

4 63 37 72 10 9 85 73 88 38 12 46 65 80 34 27 1 44 43 2 
404 0.553571 31 25 56 

5 93 98 68 44 86 79 58 95 22 40 29 28 4 11 91 59 2 49 15 
405 0.552632 21 17 38 

87 84 74 81 59 29 71 20 56 65 2 5 89 3 51 64 32 78 58 9 
406 0.551724 32 26 58 

41 38 28 35 66 81 17 91 49 6 33 98 31 13 72 99 3 55 25 16 
407 0.551724 32 26 58 

57 78 14 3 20 42 34 7 53 19 10 2 41 31 35 96 58 46 76 84 
408 0.55 22 18 40 

76 35 85 87 91 60 86 93 45 74 68 15 98 38 40 63 94 13 84 5 
409 0.55 22 18 40 

40 92 10 98 3 7 35 25 72 34 64 29 2 86 14 12 21 41 38 95 
410 0.55 22 18 40 

32 72 91 99 21 9 80 41 22 95 11 2 61 50 51 1 64 71 36 58 
411 0.55 22 18 40 

20 98 56 72 82 88 54 49 34 92 62 80 9 37 75 48 71 22 55 65 
412 0.55 11 9 20 

46 82 47 25 16 65 6 57 72 95 0 41 66 18 10 55 36 89 62 30 
413 0.547619 23 19 42 

63 80 98 48 40 7 6 50 82 68 30 9 26 51 8 39 3 57 0 46 
414 0.547619 23 19 42 

22 87 97 47 18 15 94 90 96 83 40 44 53 32 59 7 41 82 10 80 
415 0.547619 23 19 42 

51 29 57 81 89 75 20 52 59 8 9 16 15 5 27 41 42 87 79 95 
416 0.545455 24 20 44 

22 77 24 10 44 97 43 8 51 14 11 39 55 15 87 69 62 78 19 29 
417 0.545455 24 20 44 

13 10 45 79 42 64 73 21 25 28 90 1 38 4 7 43 9 58 44 99 
418 0.545455 24 20 44 

33 11 2 18 30 42 0 53 47 5 8 29 15 27 87 51 59 96 71 9 
419 0.545455 12 10 22 

83 84 61 1 39 8 19 75 9 81 10 5 23 34 87 77 95 15 50 94 
420 0.545455 12 10 22 

1 63 14 47 83 25 94 98 64 68 80 93 50 31 69 41 77 21 7 81 
421 0.545455 24 20 44 

98 2 12 41 30 79 55 57 32 67 81 10 51 19 75 70 34 90 4 25 
422 0.543478 25 21 46 

30 34 32 86 0 59 99 18 92 98 53 28 89 16 80 39 42 83 97 74 
423 0.541667 26 22 48 

25 97 32 43 90 69 6 68 63 72 7 11 92 49 95 80 48 4 1 87 
424 0.541667 26 22 48 

69 83 62 79 52 47 59 78 28 57 42 67 89 30 34 32 60 48 96 68 
425 0.541667 26 22 48 

45 41 94 38 64 81 83 66 65 23 20 15 98 80 31 92 86 84 18 59 
426 0.54 27 23 50 

0 81 20 58 95 83 47 76 41 57 9 16 85 44 54 8 1 31 10 4 
427 0.54 27 23 50 

26 15 99 67 29 11 59 70 33 27 87 79 42 84 50 55 95 85 73 17 
428 0.54 27 23 50 

68 5 51 53 95 58 67 69 42 93 70 40 47 65 97 75 9 0 34 50 
429 0.537037 29 25 54 

25 31 75 64 12 69 17 52 90 92 95 94 97 89 82 58 88 24 59 99 
430 0.535714 15 13 28 

4 84 47 25 71 52 54 67 80 55 43 17 19 60 53 2 39 92 1 24 
431 0.535714 15 13 28 

3 24 74 89 48 0 44 40 32 10 50 39 51 87 63 8 77 88 83 76 
432 0.535714 15 13 28 

33 7 84 83 18 5 52 99 41 23 75 94 24 19 17 96 29 37 45 42 
433 0.535714 15 13 28 

33 31 42 0 77 18 8 75 73 32 29 84 91 15 66 93 35 60 14 96 
434 0.535714 15 13 28 

80 66 90 59 27 82 31 32 97 75 88 8 24 74 42 71 60 29 46 17 
435 0.535714 30 26 56 

72 80 10 43 24 69 17 8 28 31 19 76 30 16 44 14 5 6 21 93 
436 0.533333 16 14 30 

64 80 45 46 16 74 31 65 59 68 97 67 81 12 26 13 52 4 50 35 
437 0.533333 32 28 60 

40 93 46 66 23 79 36 35 55 28 12 50 58 78 90 37 60 61 31 69 
438 0.533333 16 14 30 

63 29 90 98 35 76 19 36 27 39 33 20 3 41 21 95 34 86 74 89 
439 0.533333 16 14 30 

23 45 96 49 40 60 88 63 76 77 52 71 94 78 82 18 36 47 65 38 
440 0.53125 17 15 32 

65 22 37 95 72 40 41 56 61 52 69 67 18 66 74 92 2 26 34 51 
441 0.53125 17 15 32 

66 10 77 97 14 56 99 54 69 51 44 50 83 93 37 62 92 36 17 82 
442 0.53125 17 15 32 

86 65 6 99 10 47 16 90 19 66 8 3 18 67 35 22 60 68 17 24 
443 0.53125 17 15 32 

10 73 58 74 59 20 17 14 51 77 19 23 76 94 13 57 83 96 7 71 
444 0.53125 17 15 32 

17 77 73 6 29 22 30 37 90 46 64 55 2 92 71 44 36 58 16 78 
445 0.53125 34 30 64 

41 53 97 95 58 20 10 67 7 0 86 92 68 34 43 16 76 73 75 93 
446 0.53125 17 15 32 

62 88 13 44 84 81 74 4 25 21 17 57 46 16 68 98 19 29 79 97 
447 0.529412 18 16 34 

15 23 80 19 14 42 68 59 48 12 98 36 21 10 61 96 94 45 93 28 
448 0.529412 18 16 34 

12 96 39 78 45 47 90 86 93 18 28 46 91 35 97 23 72 17 92 56 
449 0.529412 18 16 34 

68 46 96 61 77 63 3 56 97 54 49 79 13 76 45 17 24 7 92 30 
450 0.527778 19 17 36 

90 71 25 32 51 29 81 45 41 1 72 77 48 16 17 21 83 91 75 63 
451 0.526316 20 18 38 

51 94 12 13 87 44 55 82 18 90 7 57 46 53 24 88 23 59 61 66 
452 0.526316 20 18 38 

67 77 47 39 86 63 71 74 80 13 54 55 15 52 57 64 27 36 3 28 
453 0.526316 20 18 38 

89 71 8 73 21 35 14 78 76 79 4 83 16 51 26 30 18 37 65 59 
454 0.526316 20 18 38 

3 39 54 67 68 38 92 44 65 47 66 61 86 81 31 84 21 87 9 97 
455 0.526316 20 18 38 

15 78 91 28 30 48 7 18 27 31 76 4 8 56 72 35 69 41 45 40 
456 0.526316 20 18 38 

81 69 11 9 73 80 91 27 28 26 3 59 85 18 38 62 84 20 47 56 
457 0.526316 20 18 38 

1 76 19 48 51 86 0 7 83 16 23 65 58 17 96 97 98 62 36 71 
458 0.526316 20 18 38 

43 7 73 34 49 70 71 98 78 62 36 54 65 35 25 42 11 68 24 5 
459 0.525 21 19 40 

2 65 43 42 8 49 70 10 94 4 85 79 97 78 91 59 92 12 56 62 
460 0.525 21 19 40 

28 62 70 31 90 37 89 10 64 96 86 26 9 92 51 18 7 5 38 43 
461 0.525 21 19 40 

15 91 39 26 40 7 24 12 1 58 6 20 32 16 38 72 43 75 88 96 
462 0.525 21 19 40 

36 71 94 25 5 52 42 67 40 7 38 82 93 18 0 96 63 76 68 69 
463 0.52381 22 20 42 

75 8 3 10 82 44 78 36 96 4 41 76 17 87 66 1 5 19 74 81 
464 0.52381 22 20 42 

74 46 95 64 13 62 43 63 17 15 16 57 25 90 79 58 0 52 59 28 
465 0.52381 22 20 42 

90 62 72 80 50 63 30 34 67 40 46 6 8 22 49 81 3 76 71 29 
466 0.52381 22 20 42 

7 44 5 68 0 71 9 26 32 14 35 54 85 87 27 2 45 67 93 65 
467 0.52381 22 20 42 

16 67 9 59 13 93 0 47 32 1 98 22 35 28 50 68 12 37 48 58 
468 0.52381 22 20 42 

31 24 93 94 8 69 41 71 38 68 13 10 73 9 61 99 29 79 3 62 
469 0.522727 23 21 44 

24 74 6 21 63 16 17 48 86 65 71 52 62 23 42 28 88 44 81 32 
470 0.522727 23 21 44 

76 6 86 75 26 85 59 95 20 18 16 65 62 55 44 54 88 1 69 35 
471 0.521739 24 22 46 

35 54 28 10 52 5 78 53 99 39 24 64 91 81 83 23 94 60 3 84 
472 0.521739 24 22 46 

54 15 73 82 12 13 16 70 25 3 79 75 0 32 24 57 83 18 64 72 
473 0.521739 24 22 46 

24 74 25 95 10 80 51 8 48 20 18 99 6 78 90 81 57 68 83 53 
474 0.520833 25 23 48 

29 48 39 62 10 21 92 32 86 46 0 82 18 88 22 76 42 65 78 44 
475 0.520833 25 23 48 

76 62 37 80 61 95 75 19 93 73 96 0 47 66 56 53 90 55 50 58 
476 0.520833 25 23 48 

15 38 2 88 19 81 62 23 60 30 76 4 17 67 16 49 20 27 69 96 
477 0.52 26 24 50 

93 63 49 53 66 58 81 21 7 62 61 71 9 2 28 30 86 35 98 46 
478 0.52 26 24 50 

45 10 28 40 33 35 80 65 13 37 64 27 69 68 91 21 50 97 84 81 
479 0.52 26 24 50 

45 99 12 23 29 61 51 94 25 4 20 11 31 37 89 40 87 64 68 67 
480 0.519231 27 25 52 

39 85 50 31 32 42 84 12 89 5 22 41 62 91 68 28 38 17 37 36 
481 0.519231 27 25 52 

7 29 37 12 88 65 80 62 96 89 10 26 94 22 34 39 46 82 60 4 
482 0.516667 31 29 60 

22 74 78 69 86 93 98 73 24 59 8 6 29 16 14 92 54 68 0 43 
483 0.514706 35 33 68 

84 53 74 42 28 36 48 8 27 35 89 68 45 15 43 17 87 90 86 71 
484 0.5 22 22 44 

21 18 56 13 33 48 79 60 10 12 81 50 27 72 16 84 75 82 73 2 
485 0.5 7 7 14 

30 76 92 48 73 35 0 7 14 37 46 41 78 15 10 59 8 34 62 5 
486 0.5 8 8 16 

92 10 94 6 7 90 64 25 97 75 16 55 58 45 23 80 17 8 56 49 
487 0.5 23 23 46 

9 5 37 43 45 28 74 66 34 18 79 10 83 81 58 72 99 15 22 61 
488 0.5 17 17 34 

54 35 49 67 12 2 43 41 14 65 7 59 8 0 91 46 47 33 34 6 
489 0.5 16 16 32 

66 59 43 78 89 91 27 29 12 63 44 95 80 8 38 22 19 74 92 3 
490 0.5 9 9 18 

42 36 47 48 30 38 67 26 8 63 82 74 65 11 45 84 99 69 13 64 
491 0.5 20 20 40 

73 27 72 45 30 20 28 13 21 15 68 58 65 9 93 3 52 51 61 17 
492 0.5 22 22 44 

77 59 0 70 32 37 58 52 4 82 49 60 41 88 67 85 9 7 40 20 
493 0.5 19 19 38 

96 70 67 3 58 32 20 77 40 76 26 95 82 88 47 52 28 56 16 79 
494 0.5 14 14 28 

11 54 78 68 18 48 30 98 40 45 15 19 25 73 96 9 84 71 52 99 
495 0.5 21 21 42 

85 27 44 91 4 48 58 15 1 50 0 55 92 67 34 24 70 37 59 33 
496 0.5 21 21 42 

7 87 94 63 78 97 12 92 77 17 71 13 16 45 41 90 70 0 35 69 
497 0.5 14 14 28 

3 97 32 20 33 73 2 48 72 37 41 16 11 46 82 85 42 6 19 34 
498 0.5 19 19 38 

17 73 69 82 99 97 1 40 52 79 62 71 57 68 78 94 76 91 28 6 
499 0.5 16 16 32 

21 39 24 47 57 51 34 38 4 45 93 55 83 36 5 1 79 87 68 97 
500 0.5 24 24 48 

50 73 94 41 48 64 70 33 87 63 36 58 90 0 2 71 26 20 6 55 
501 0.5 13 13 26 

78 26 30 76 5 3 38 73 19 66 21 35 63 13 98 49 23 41 57 74 
502 0.5 21 21 42 

13 17 67 86 33 39 41 72 6 4 57 51 9 1 75 69 32 21 56 25 
503 0.5 22 22 44 

71 83 30 64 20 95 13 28 29 7 52 97 81 9 22 98 4 68 50 48 
504 0.5 17 17 34 

41 16 62 23 99 12 35 78 43 48 58 76 91 64 73 44 1 45 79 59 
505 0.5 24 24 48 

57 99 84 9 34 72 20 59 64 22 29 14 76 82 74 52 86 21 75 23 
506 0.5 21 21 42 

0 12 92 47 87 97 41 3 70 7 80 74 39 31 35 44 25 10 38 96 
507 0.5 12 12 24 

10 39 43 83 21 50 89 49 26 8 51 92 90 19 42 91 41 7 78 76 
508 0.5 21 21 42 

28 45 30 97 18 79 44 15 89 35 24 29 87 3 34 90 49 54 43 25 
509 0.5 21 21 42 

28 78 1 64 70 88 0 63 91 96 37 73 33 34 19 58 41 21 40 15 
510 0.5 31 31 62 

80 12 76 13 53 20 56 24 31 86 15 11 16 9 43 49 83 18 99 91 
511 0.5 27 27 54 

38 56 78 64 37 96 34 41 88 93 63 16 76 54 49 7 27 9 98 86 
512 0.5 14 14 28 

72 3 99 66 11 8 37 30 63 65 43 77 58 52 41 90 73 29 88 20 
513 0.5 26 26 52 

19 31 42 79 35 73 88 32 97 9 96 59 36 38 12 57 87 71 45 21 
514 0.5 18 18 36 

9 0 35 6 86 54 24 88 69 2 45 7 56 43 25 65 93 91 90 44 
515 0.5 13 13 26 

23 26 75 53 65 90 60 5 8 1 55 77 46 24 2 92 57 61 68 40 
516 0.5 23 23 46 

62 93 0 35 76 66 84 2 3 67 38 73 95 18 1 10 49 23 47 50 
517 0.5 12 12 24 

18 69 7 94 74 9 78 84 3 37 30 97 21 93 20 12 76 56 8 64 
518 0.5 19 19 38 

89 35 40 93 3 1 53 52 27 59 98 76 23 64 68 94 79 7 38 57 
519 0.5 25 25 50 

92 6 94 43 10 74 71 29 39 49 51 81 4 56 18 3 90 40 53 7 
520 0.5 17 17 34 

37 29 85 75 74 59 50 62 3 86 24 43 25 77 15 9 20 53 28 90 
521 0.5 17 17 34 

3 67 32 17 95 1 19 63 69 94 61 91 35 90 89 66 23 16 87 51 
522 0.5 24 24 48 

30 36 93 76 74 72 78 77 46 19 33 66 29 21 70 20 60 13 84 40 
523 0.5 18 18 36 

59 4 37 42 39 27 0 95 61 77 91 92 23 48 86 96 33 26 79 2 
524 0.5 23 23 46 

89 99 95 84 46 16 97 74 38 44 87 62 66 14 86 6 85 69 34 31 
525 0.5 11 11 22 

38 33 68 89 99 19 55 91 45 26 48 76 46 29 41 20 78 84 64 36 
526 0.5 20 20 40 

10 33 45 81 98 90 53 71 84 74 62 32 31 87 44 41 14 4 54 36 
527 0.5 22 22 44 

99 37 62 68 80 11 2 14 92 9 32 35 57 15 72 4 54 30 77 82 
528 0.5 23 23 46 

25 61 5 64 44 39 16 37 30 34 57 63 70 11 98 89 75 2 49 33 
529 0.5 22 22 44 

78 1 16 87 82 91 59 66 48 83 51 33 72 77 5 2 62 89 88 40 
530 0.5 19 19 38 

76 13 31 92 45 21 5 43 74 84 52 53 54 25 91 72 9 18 73 71 
531 0.482143 27 29 56 

86 1 23 28 83 39 80 75 8 31 0 26 65 49 91 76 70 10 30 81 
532 0.480769 25 27 52 

1 95 81 5 28 17 55 58 84 75 60 71 79 15 52 20 93 33 0 29 
533 0.48 24 26 50 

78 50 92 23 74 99 60 95 58 90 45 71 77 1 51 8 91 43 63 65 
534 0.48 24 26 50 

72 92 74 71 52 67 55 98 84 47 70 86 26 23 17 97 20 45 25 50 
535 0.479167 23 25 48 

93 56 11 58 43 55 33 69 80 95 40 34 85 37 25 24 22 59 86 64 
536 0.479167 23 25 48 

98 75 41 66 74 59 37 53 90 38 99 29 34 76 92 7 33 46 14 86 
537 0.478261 22 24 46 

17 5 55 9 28 71 62 72 31 35 96 91 20 61 10 69 23 11 48 13 
538 0.477273 21 23 44 

44 57 43 21 42 69 12 36 92 90 84 53 87 73 7 34 16 9 60 97 
539 0.477273 21 23 44 

93 87 64 42 36 47 71 13 28 35 43 68 30 50 24 2 82 74 5 20 
540 0.477273 21 23 44 

74 80 26 3 18 22 4 1 47 92 71 66 0 67 81 37 59 14 69 49 
541 0.477273 21 23 44 

48 5 10 62 66 36 77 88 95 98 99 49 18 97 39 1 55 63 22 47 
542 0.477273 21 23 44 

88 47 92 68 72 5 46 93 75 48 76 62 71 42 60 28 70 82 8 99 
543 0.477273 21 23 44 

96 97 3 46 22 5 91 73 20 66 2 17 47 57 45 44 51 35 43 56 
544 0.477273 21 23 44 

12 14 42 54 37 93 33 7 50 39 36 49 76 98 5 10 26 23 55 29 
545 0.477273 21 23 44 

43 20 94 19 64 57 74 60 81 9 30 35 26 48 34 49 55 54 91 85 
546 0.47619 20 22 42 

71 79 48 72 33 40 5 81 73 55 85 53 97 69 13 31 30 42 76 21 
547 0.47619 20 22 42 

15 46 64 8 33 93 89 54 32 65 11 44 51 62 75 2 94 86 90 38 
548 0.47619 20 22 42 

67 53 61 19 89 52 32 21 2 4 92 46 62 35 48 75 36 25 31 54 
549 0.47619 20 22 42 

7 17 86 66 13 42 8 84 36 25 78 63 40 90 43 53 64 58 60 62 
550 0.475 19 21 40 

62 5 68 54 39 73 82 1 56 92 41 65 72 81 71 6 59 61 18 50 
551 0.475 19 21 40 

35 87 41 86 11 53 74 43 46 9 31 26 94 95 99 19 68 8 59 81 
552 0.473684 18 20 38 

6 2 31 84 47 46 83 51 99 52 78 19 27 72 20 33 23 3 97 13 
553 0.473684 18 20 38 

42 29 8 28 83 97 4 55 14 7 27 22 49 46 75 32 18 10 99 93 
554 0.473684 18 20 38 

1 63 46 84 47 48 35 0 83 90 94 50 82 57 80 67 33 99 12 6 
555 0.472222 17 19 36 

11 44 27 54 1 56 65 43 22 73 19 7 20 99 21 79 17 18 34 66 
556 0.472222 17 19 36 

60 62 69 23 65 43 79 29 93 86 85 57 72 49 12 90 9 52 33 59 
557 0.472222 17 19 36 

57 72 88 66 7 43 96 37 42 67 13 74 29 93 19 1 55 91 4 34 
558 0.472222 17 19 36 

38 19 13 30 15 1 11 56 95 82 96 23 57 46 70 42 37 32 90 2 
559 0.472222 17 19 36 

62 90 69 86 61 53 7 13 76 81 49 74 68 39 77 93 6 42 24 96 
560 0.472222 17 19 36 

13 73 42 47 9 5 17 77 45 11 59 8 19 79 1 61 7 94 16 46 
561 0.472222 17 19 36 

46 8 45 6 72 77 12 14 93 32 60 28 17 80 78 25 88 79 59 2 
562 0.472222 17 19 36 

25 89 71 37 69 73 12 28 74 53 21 99 19 58 45 85 0 6 61 54 
563 0.470588 16 18 34 

58 99 95 67 27 11 59 33 89 12 34 72 41 35 84 30 75 42 22 40 
564 0.470588 16 18 34 

74 15 8 96 60 21 1 12 71 48 80 93 44 16 38 17 86 82 34 46 
565 0.470588 16 18 34 

50 22 79 93 81 86 49 12 11 25 68 34 33 67 38 42 71 4 90 19 
566 0.470588 16 18 34 

19 51 28 73 0 58 41 54 55 6 44 96 81 78 35 75 77 36 16 27 
567 0.470588 16 18 34 

17 1 40 23 24 8 85 39 79 9 28 29 42 86 48 25 54 34 13 46 
568 0.470588 16 18 34 

24 42 72 44 23 61 76 1 58 12 88 96 19 73 41 47 4 75 82 81 
569 0.46875 15 17 32 

64 91 67 9 65 2 77 78 61 4 1 53 85 45 74 80 99 18 93 32 
570 0.46875 15 17 32 

67 17 31 83 76 61 39 5 42 98 13 32 44 60 72 68 6 25 12 59 
571 0.46875 15 17 32 

75 70 95 98 5 43 66 11 83 80 77 22 55 3 60 63 82 39 88 23 
572 0.46875 15 17 32 

38 21 54 33 27 39 34 29 30 75 8 23 95 84 99 2 7 92 91 3 
573 0.46875 15 17 32 

41 53 99 85 49 3 98 5 72 86 73 35 76 19 77 90 28 15 97 1 
574 0.466667 14 16 30 

19 25 68 73 92 16 85 58 38 72 39 66 54 89 5 64 8 36 53 6 
575 0.466667 14 16 30 

58 82 6 19 79 56 23 8 97 63 74 17 36 27 64 57 67 9 30 21 
576 0.466667 14 16 30 

87 39 93 34 98 48 62 7 55 94 38 71 30 0 23 73 66 56 96 63 
577 0.466667 14 16 30 

82 89 96 7 95 8 19 88 24 62 55 54 61 12 18 91 93 52 63 41 
578 0.465517 27 31 58 

83 70 32 96 8 82 98 41 1 19 22 93 73 15 77 53 60 89 14 78 
579 0.464286 13 15 28 

78 37 0 48 86 72 28 75 40 24 17 65 20 97 80 3 31 1 38 15 
580 0.464286 13 15 28 

22 21 17 50 46 39 86 58 4 53 24 96 25 8 31 49 55 16 75 13 
581 0.464286 13 15 28 

21 0 8 97 37 17 19 77 3 60 94 80 83 85 56 10 12 39 92 49 
582 0.464286 13 15 28 

88 45 13 69 76 51 5 91 52 33 96 43 73 2 60 22 48 35 7 90 
583 0.462963 25 29 54 

38 49 7 73 2 46 31 61 60 57 20 67 22 26 99 90 51 78 11 1 
584 0.461538 12 14 26 

71 1 41 4 3 95 91 64 74 85 77 92 11 75 37 44 17 7 31 49 
585 0.461538 12 14 26 

57 16 1 78 49 90 96 87 75 97 76 28 47 25 14 54 20 93 55 24 
586 0.46 23 27 50 

23 64 39 74 8 51 10 38 63 5 88 3 29 46 50 77 43 25 70 72 
587 0.46 23 27 50 

45 49 57 88 70 48 63 4 38 98 19 28 47 67 85 29 60 84 72 97 
588 0.46 23 27 50 

53 11 57 2 82 35 54 25 93 95 52 98 31 97 62 71 49 40 63 89 
589 0.458333 22 26 48 

64 77 26 99 71 16 3 66 55 78 14 18 75 17 2 96 32 97 47 46 
590 0.458333 11 13 24 

91 71 84 31 83 36 60 51 22 12 37 18 33 4 16 14 64 15 97 56 
591 0.458333 22 26 48 

68 81 17 93 28 67 74 21 96 76 15 64 30 99 97 35 75 40 46 49 
592 0.458333 22 26 48 

47 72 70 60 35 84 77 11 92 52 8 44 30 83 38 65 78 80 12 23 
593 0.456522 21 25 46 

56 11 1 15 57 47 78 70 5 90 35 10 43 4 77 44 86 45 69 82 
594 0.456522 21 25 46 

0 17 28 11 82 81 64 44 60 80 91 62 3 14 92 88 56 8 63 77 
595 0.456522 21 25 46 

28 52 67 4 42 38 68 14 95 78 82 48 96 75 35 36 1 72 70 60 
596 0.456522 21 25 46 

40 99 10 35 41 73 97 47 93 71 75 5 84 61 22 90 54 77 21 49 
597 0.456522 21 25 46 

74 32 92 98 85 86 96 54 29 69 61 48 63 78 71 44 93 12 11 88 
598 0.456522 21 25 46 

52 85 39 61 76 98 44 1 83 80 71 6 11 51 30 64 49 50 40 16 
599 0.456522 21 25 46 

56 13 14 27 94 28 1 59 58 46 39 90 38 48 21 61 57 66 83 36 
600 0.456522 21 25 46 

21 33 73 46 84 15 13 0 85 63 18 14 95 90 23 17 92 34 5 49 
601 0.456522 21 25 46 

19 77 21 23 43 41 69 53 30 56 60 32 26 73 64 47 1 99 33 57 
602 0.454545 20 24 44 

51 45 1 30 10 52 88 83 32 5 24 93 91 27 50 26 33 47 92 0 
603 0.454545 20 24 44 

35 30 41 10 97 68 25 61 98 51 55 6 23 17 16 69 70 52 19 74 
604 0.454545 20 24 44 

18 62 37 67 26 95 69 1 2 91 70 20 44 21 22 23 99 43 24 40 
605 0.452381 19 23 42 

83 80 36 75 61 86 90 92 19 42 94 62 58 99 52 7 57 31 3 5 
606 0.452381 19 23 42 

28 81 43 3 38 98 41 71 75 65 59 40 12 49 0 14 48 15 56 64 
607 0.452381 19 23 42 

75 35 90 2 94 48 13 40 20 99 45 73 42 60 98 62 93 7 86 21 
608 0.452381 19 23 42 

48 76 74 1 18 5 31 72 45 98 73 59 54 22 97 83 85 84 92 23 
609 0.452381 19 23 42 

39 99 76 89 12 7 29 45 72 83 78 74 18 17 64 32 58 68 11 75 
610 0.452381 19 23 42 

20 75 74 11 42 40 27 9 88 72 23 97 53 96 37 4 34 61 62 36 
611 0.452381 19 23 42 

82 53 37 30 78 90 59 80 97 38 72 84 34 7 67 93 47 43 29 46 
612 0.45 18 22 40 

17 8 59 16 33 32 86 42 1 53 25 60 80 68 13 14 24 0 81 99 
613 0.45 9 11 20 

34 79 28 25 58 81 99 3 96 0 51 46 84 20 27 48 88 23 92 16 
614 0.45 18 22 40 

37 86 6 95 70 64 81 36 15 96 39 69 90 19 68 46 0 10 75 72 
615 0.45 18 22 40 

63 22 81 55 68 5 36 72 67 83 57 6 7 40 54 66 13 17 4 39 
616 0.45 27 33 60 

2 42 43 99 86 71 83 81 70 12 25 47 62 82 5 45 38 95 61 24 
617 0.45 18 22 40 

56 30 23 57 71 63 37 45 83 20 11 12 73 67 90 60 26 41 70 28 
618 0.45 9 11 20 

1 9 47 72 49 35 15 74 40 53 59 10 16 20 18 23 34 70 37 86 
619 0.45 18 22 40 

47 22 37 78 54 83 29 86 45 61 10 39 20 69 91 41 80 76 97 25 
620 0.447368 17 21 38 

2 60 85 77 33 95 40 6 45 16 59 98 34 25 84 26 72 92 24 86 
621 0.447368 17 21 38 

26 85 1 25 6 7 14 51 10 83 21 48 32 16 93 0 52 42 46 11 
622 0.447368 17 21 38 

1 91 4 22 72 62 41 53 0 65 12 45 48 77 59 50 81 24 49 26 
623 0.446429 25 31 56 

20 92 69 72 86 44 12 61 91 27 28 6 11 23 48 10 19 77 65 97 
624 0.444444 16 20 36 

23 39 99 87 96 94 28 41 56 83 15 88 0 98 57 10 67 65 8 9 
625 0.444444 16 20 36 

8 12 67 49 10 77 14 31 95 63 25 6 94 75 66 50 82 18 22 37 
626 0.444444 16 20 36 

89 44 35 73 4 85 79 5 22 9 90 78 52 0 46 61 54 49 96 25 
627 0.444444 16 20 36 

66 12 32 80 9 18 8 59 29 38 1 67 83 78 44 97 89 55 34 2 
628 0.444444 16 20 36 

81 64 9 77 2 73 26 33 34 84 85 60 79 51 62 37 17 96 30 70 
629 0.444444 16 20 36 

56 64 44 34 23 66 18 25 65 60 72 3 13 38 43 63 5 37 4 9 
630 0.444444 16 20 36 

93 97 24 64 61 77 88 90 41 4 54 82 75 21 95 20 9 44 66 65 
631 0.442308 23 29 52 

89 60 64 3 50 30 35 44 83 9 20 45 21 95 90 14 41 36 67 40 
632 0.441176 15 19 34 

99 81 45 37 20 40 82 17 41 77 72 36 24 25 18 59 75 48 71 2 
633 0.441176 15 19 34 

62 5 85 34 58 28 8 35 45 47 81 11 82 94 37 38 7 42 71 19 
634 0.441176 15 19 34 

78 57 5 75 41 84 13 98 89 31 34 69 1 28 74 27 83 6 38 43 
635 0.440476 18 23 42 

39 61 34 17 79 51 44 87 53 66 52 40 68 97 62 96 29 3 35 30 
636 0.44 22 28 50 

71 52 22 34 80 45 82 40 70 37 20 8 42 66 99 67 6 73 75 86 
637 0.44 22 28 50 

86 36 58 82 65 48 85 79 43 14 28 31 96 23 33 54 27 38 30 67 
638 0.44 22 28 50 

71 99 83 70 42 57 58 4 90 7 1 84 34 36 6 52 39 48 38 37 
639 0.44 22 28 50 

72 84 50 14 83 3 5 35 20 19 69 80 62 10 94 79 73 29 53 23 
640 0.44 22 28 50 

98 38 66 35 84 40 30 32 1 19 11 33 3 61 86 76 7 9 17 14 
641 0.4375 21 27 48 

68 90 67 69 25 31 1 60 99 8 45 84 23 77 51 12 29 97 20 24 
642 0.4375 14 18 32 

91 68 88 52 12 74 33 60 35 32 37 63 97 6 81 61 13 92 11 67 
643 0.4375 14 18 32 

60 83 26 59 12 8 33 65 91 99 24 45 79 63 48 67 4 16 35 93 
644 0.434783 20 26 46 

75 15 62 27 1 94 64 84 20 68 55 80 21 86 48 72 49 79 67 81 
645 0.434783 20 26 46 

32 21 57 20 43 86 16 36 53 12 17 73 91 0 92 95 63 39 19 10 
646 0.434783 20 26 46 

58 39 47 80 44 70 36 41 2 95 49 97 5 86 74 9 6 75 22 10 
647 0.434783 20 26 46 

2 51 84 92 69 93 62 83 26 80 70 91 78 64 40 1 42 39 29 5 
648 0.434783 20 26 46 

80 43 39 84 71 66 54 6 42 25 31 78 90 1 34 41 56 11 85 40 
649 0.433333 13 17 30 

9 96 34 25 63 37 73 32 7 0 36 46 3 77 78 69 40 1 61 72 
650 0.433333 13 17 30 

62 75 60 22 55 57 71 41 20 51 34 9 79 24 40 95 38 18 7 5 
651 0.433333 13 17 30 

50 37 20 2 61 57 4 60 85 79 99 3 26 33 64 39 36 81 68 70 
652 0.433333 13 17 30 

0 30 3 64 66 94 92 77 59 95 45 17 55 15 33 29 14 83 86 20 
653 0.433333 13 17 30 

80 28 8 4 15 55 82 23 84 93 14 98 11 83 16 64 50 3 61 70 
654 0.428571 18 24 42 

30 75 33 73 58 71 11 22 51 90 5 47 26 19 6 24 41 68 96 89 
655 0.428571 12 16 28 

14 81 62 15 28 43 74 60 91 54 57 92 49 70 31 16 37 71 51 78 
656 0.428571 12 16 28 

51 85 33 91 57 71 44 90 45 25 41 99 4 70 60 55 93 18 65 7 
657 0.425 17 23 40 

2 83 91 97 31 18 61 13 11 10 99 29 53 90 5 26 28 20 38 12 
658 0.425 17 23 40 

9 87 83 84 45 89 32 53 57 86 39 24 74 78 55 79 7 72 69 11 
659 0.425 17 23 40 

99 23 85 77 45 96 63 13 76 42 52 21 0 55 34 81 27 35 82 79 
660 0.425 17 23 40 

24 48 31 99 73 64 18 68 95 19 75 34 33 16 54 79 47 7 82 91 
661 0.425 17 23 40 

75 16 42 1 95 51 86 31 48 50 41 79 63 22 49 43 8 30 11 18 
662 0.425 17 23 40 

67 34 53 8 22 99 68 25 97 98 32 87 7 64 65 40 36 30 9 74 
663 0.423077 11 15 26 

66 86 69 27 12 72 34 91 36 9 77 63 50 98 93 31 33 2 51 74 
664 0.421053 16 22 38 

68 63 80 20 58 52 77 1 89 21 59 34 16 55 43 45 3 95 8 66 
665 0.421053 16 22 38 

51 30 8 49 35 95 26 17 89 83 82 21 11 80 70 50 97 7 86 73 
666 0.421053 16 22 38 

8 6 27 42 16 37 39 53 54 70 3 62 49 10 69 26 41 44 68 0 
667 0.421053 16 22 38 

69 62 48 57 1 51 93 23 22 9 84 72 11 86 35 31 91 88 59 52 
668 0.421053 16 22 38 

52 75 61 31 65 93 59 6 89 55 10 43 32 41 21 5 27 40 46 28 
669 0.421053 16 22 38 

38 79 91 22 51 17 64 82 94 74 26 80 25 44 54 19 95 60 45 58 
670 0.421053 16 22 38 

57 78 96 53 38 21 67 55 59 7 64 66 90 86 79 16 92 42 2 15 
671 0.421053 16 22 38 

43 78 38 14 25 79 77 55 33 58 69 37 74 65 63 50 76 68 60 62 
672 0.42 21 29 50 

50 14 70 36 74 15 58 60 18 55 89 13 16 37 76 97 62 82 63 22 
673 0.42 21 29 50 

64 50 99 10 97 9 11 95 19 40 26 31 61 81 47 78 70 13 59 87 
674 0.416667 15 21 36 

38 65 74 87 3 43 48 46 63 34 23 9 30 93 73 40 95 53 15 41 
675 0.416667 15 21 36 

79 50 82 26 33 0 14 48 41 18 60 56 38 55 81 75 9 36 99 22 
676 0.416667 10 14 24 

76 12 18 5 97 34 3 80 99 67 24 84 92 23 71 16 2 93 90 44 
677 0.416667 15 21 36 

99 60 29 20 27 8 43 12 85 5 88 30 82 90 74 21 41 69 70 59 
678 0.416667 15 21 36 

95 5 4 53 38 28 85 59 87 97 9 80 26 68 37 17 48 52 31 88 
679 0.416667 15 21 36 

6 16 36 52 5 60 77 3 49 95 1 84 99 56 62 32 4 79 53 46 
680 0.413043 19 27 46 

8 41 6 79 39 67 95 86 5 57 97 12 58 88 34 75 49 11 68 76 
681 0.413043 19 27 46 

58 93 50 92 35 4 16 2 41 6 75 48 36 10 94 40 85 23 74 52 
682 0.413043 19 27 46 

69 84 75 54 37 70 63 62 10 5 64 11 61 33 40 55 73 3 0 94 
683 0.411765 14 20 34 

24 80 88 23 43 7 12 68 86 42 11 70 39 95 44 13 58 26 34 63 
684 0.411765 14 20 34 

52 85 91 16 86 44 13 62 78 3 77 63 87 22 53 81 26 15 29 12 
685 0.411765 14 20 34 

19 60 2 28 94 96 90 31 65 47 18 33 29 98 41 11 81 73 82 78 
686 0.411765 28 40 68 

30 38 80 12 4 53 82 85 69 49 32 34 73 14 89 68 19 21 95 52 
687 0.410714 23 33 56 

16 85 40 75 52 22 63 64 2 68 46 66 56 93 27 65 57 84 31 90 
688 0.409091 9 13 22 

51 63 37 41 90 12 47 14 45 26 20 9 29 15 79 42 85 18 4 73 
689 0.407407 22 32 54 

46 64 88 45 1 76 73 32 69 42 9 27 47 82 72 96 28 52 68 84 
690 0.40625 13 19 32 

70 17 92 73 79 33 99 22 53 96 58 5 23 89 9 2 65 35 19 3 
691 0.40625 13 19 32 

71 38 6 95 89 2 79 63 50 32 7 76 67 66 91 27 26 23 86 80 
692 0.404762 17 25 42 

8 18 78 72 15 32 83 86 73 51 43 50 63 75 64 10 29 24 52 84 
693 0.403846 21 31 52 

90 47 15 73 88 64 4 8 71 20 89 21 34 50 3 56 92 45 17 61 
694 0.403846 21 31 52 

94 84 15 73 24 57 67 93 33 9 79 32 3 48 16 96 4 72 91 95 
695 0.403846 21 31 52 

63 42 43 33 32 45 88 61 37 8 14 44 59 81 26 30 47 80 73 22 
696 0.4 12 18 30 

10 95 6 48 65 26 39 56 82 47 27 98 41 29 75 74 5 93 30 51 
697 0.4 16 24 40 

91 67 73 60 47 7 53 79 15 38 17 93 36 1 84 82 16 57 0 9 
698 0.4 16 24 40 

34 38 99 28 91 61 30 5 4 2 94 71 83 86 21 84 57 43 12 97 
699 0.4 12 18 30 

48 15 56 60 40 98 91 74 38 41 43 93 32 51 5 0 50 71 20 83 
700 0.4 12 18 30 

71 42 61 77 84 34 86 52 32 15 41 73 6 90 51 79 39 0 46 62 
701 0.4 16 24 40 

73 26 70 36 62 68 63 9 97 60 0 79 25 42 74 4 10 66 91 93 
702 0.4 8 12 20 

68 83 41 74 66 20 6 33 92 98 76 36 13 60 85 29 2 37 16 67 
703 0.4 20 30 50 

78 10 33 85 15 84 83 79 27 81 55 46 65 39 0 9 3 66 63 74 
704 0.395833 19 29 48 

16 78 55 79 57 36 37 51 48 64 21 26 68 24 18 84 96 25 86 76 
705 0.395833 19 29 48 

16 57 2 93 20 13 27 33 68 4 0 49 29 88 32 77 69 73 25 60 
706 0.395833 19 29 48 

78 84 19 35 71 2 41 21 70 66 28 72 13 4 5 99 27 98 31 39 
707 0.395833 19 29 48 

8 86 83 79 3 57 94 41 7 16 54 73 63 38 96 15 75 5 27 18 
708 0.394737 15 23 38 

31 25 9 41 62 16 30 3 5 23 67 66 64 73 0 49 44 58 2 65 
709 0.394737 15 23 38 

50 17 6 93 92 55 85 37 99 8 14 46 83 79 32 45 9 35 28 4 
710 0.392857 11 17 28 

19 73 31 90 47 70 74 52 95 1 41 21 46 84 2 69 50 8 68 28 
711 0.392857 11 17 28 

64 56 0 18 83 19 62 30 61 93 75 78 26 63 53 4 57 32 47 38 
712 0.392857 22 34 56 

26 25 60 75 18 32 59 23 38 88 3 77 29 53 93 52 41 84 86 47 
713 0.392857 16 25 42 

51 13 30 6 35 82 98 45 47 32 9 11 29 94 83 76 55 14 93 54 
714 0.392857 11 17 28 

7 21 28 36 4 25 5 20 91 49 11 0 99 96 79 19 26 42 81 65 
715 0.392857 11 17 28 

66 68 95 58 73 7 36 71 85 65 59 97 72 19 50 69 62 3 78 31 
716 0.391304 18 28 46 

33 47 38 39 1 20 98 62 12 53 50 34 97 69 71 37 14 88 30 31 
717 0.388889 14 22 36 

63 41 89 19 72 91 36 34 7 84 88 82 10 13 35 17 5 95 67 76 
718 0.388889 14 22 36 

65 61 43 50 74 98 11 24 95 99 23 85 47 4 37 6 25 79 9 13 
719 0.388889 7 11 18 

42 81 94 88 95 32 26 53 79 16 71 66 89 5 46 77 12 93 56 91 
720 0.388889 14 22 36 

70 72 91 15 7 12 79 71 26 73 66 29 19 14 89 57 83 55 64 99 
721 0.388889 14 22 36 

3 74 46 16 45 26 35 84 71 32 79 57 82 91 52 25 36 38 9 68 
722 0.388889 14 22 36 

31 52 76 86 94 90 79 84 82 50 38 44 46 53 80 43 68 10 51 19 
723 0.388889 14 22 36 

54 36 96 74 23 18 38 83 10 34 90 32 73 53 2 49 13 33 62 25 
724 0.388889 14 22 36 

98 30 67 64 32 75 23 31 90 78 85 61 24 37 7 13 36 45 50 71 
725 0.388889 14 22 36 

35 85 97 61 29 83 77 63 66 13 30 71 48 96 25 81 57 67 4 50 
726 0.388889 14 22 36 

51 64 68 95 8 80 76 59 82 41 96 33 7 35 30 18 34 44 94 37 
727 0.384615 20 32 52 

10 93 50 63 71 31 79 18 17 36 94 78 73 60 67 47 9 6 1 0 
728 0.384615 10 16 26 

40 98 38 22 45 68 86 93 42 92 1 32 15 34 27 39 4 36 43 3 
729 0.384615 20 32 52 

27 4 89 58 61 21 28 15 0 78 98 19 59 12 55 81 74 44 13 51 
730 0.384615 10 16 26 

74 97 29 42 94 31 47 11 28 57 62 51 67 44 65 22 61 36 30 9 
731 0.384615 20 32 52 

62 40 78 8 88 14 1 33 22 87 49 82 83 39 50 52 6 92 84 25 
732 0.383333 23 37 60 

95 28 63 76 77 71 96 82 25 43 40 52 10 39 98 68 14 29 53 15 
733 0.382353 13 21 34 

61 80 33 14 99 93 82 26 75 72 65 56 38 2 91 81 44 6 11 63 
734 0.382353 13 21 34 

15 11 42 27 75 87 49 5 62 71 39 31 25 21 86 78 16 23 60 45 
735 0.382353 13 21 34 

59 89 13 47 60 93 14 72 27 96 45 79 49 44 84 37 22 91 71 55 
736 0.382353 13 21 34 

67 21 96 64 12 86 95 53 88 49 63 33 10 38 31 43 8 50 75 70 
737 0.382353 13 21 34 

35 76 50 40 21 28 12 23 20 26 72 31 24 1 85 48 44 6 10 11 
738 0.380952 16 26 42 

32 72 28 30 53 42 40 66 74 1 78 14 24 75 94 63 13 52 61 88 
739 0.380952 16 26 42 

66 55 20 73 36 12 68 29 94 46 39 14 91 1 3 37 76 49 27 9 
740 0.380952 16 26 42 

92 2 76 89 61 1 93 82 36 63 40 55 52 42 73 25 77 49 6 74 
741 0.380952 16 26 42 

93 17 12 51 78 45 3 89 41 18 24 36 71 0 49 77 62 21 32 55 
742 0.38 19 31 50 

20 79 86 11 3 55 5 49 92 64 17 71 19 56 69 58 25 13 70 2 
743 0.38 19 31 50 

90 74 25 50 82 63 57 16 44 37 27 22 24 32 97 21 66 80 30 0 
744 0.38 19 31 50 

74 70 33 71 68 98 80 23 27 95 45 61 19 85 90 83 13 89 50 32 
745 0.375 12 20 32 

5 20 9 84 63 37 33 19 66 21 34 96 40 99 52 42 97 74 12 17 
746 0.375 21 35 56 

84 0 34 63 33 73 7 88 78 85 14 30 76 41 54 66 4 27 92 83 
747 0.375 12 20 32 

97 30 81 73 25 68 23 31 26 55 16 13 34 47 42 0 18 91 94 61 
748 0.375 21 35 56 

60 36 75 95 73 59 71 78 53 80 16 17 57 72 51 55 61 8 89 92 
749 0.375 9 15 24 

6 88 50 35 89 40 30 43 65 72 25 57 5 11 52 63 1 28 18 0 
750 0.375 15 25 40 

80 73 3 40 78 29 45 16 56 77 10 12 37 48 38 84 43 96 99 34 
751 0.375 18 30 48 

40 89 42 99 43 65 18 74 86 63 4 29 44 92 50 79 51 70 48 95 
752 0.375 21 35 56 

83 50 96 53 85 54 13 74 38 79 39 2 19 11 56 25 93 46 14 40 
753 0.375 12 20 32 

43 50 72 9 59 3 22 4 83 48 74 52 89 19 31 57 37 55 93 73 
754 0.37037 20 34 54 

38 70 93 31 33 4 21 40 60 22 45 32 85 50 72 48 65 75 90 1 
755 0.369565 17 29 46 

21 55 2 47 30 60 81 7 92 83 18 40 62 6 48 41 28 26 39 91 
756 0.369565 17 29 46 

83 26 94 50 43 40 10 79 31 88 23 77 96 71 91 44 74 32 9 30 
757 0.369565 17 29 46 

65 63 76 42 75 70 36 97 38 91 40 81 94 61 43 95 30 28 7 60 
758 0.368421 14 24 38 

90 36 67 19 16 32 60 65 96 73 26 13 68 30 61 77 89 17 39 53 
759 0.368421 14 24 38 

42 1 14 92 3 51 74 52 40 49 28 56 47 53 19 24 48 62 94 95 
760 0.368421 14 24 38 

25 1 93 98 35 16 92 50 85 70 5 43 63 81 32 15 77 52 73 6 
761 0.368421 14 24 38 

40 7 51 34 14 91 28 1 5 62 2 88 98 72 49 47 53 22 74 9 
762 0.368421 14 24 38 

98 26 34 90 28 65 22 15 52 76 93 51 99 75 36 27 43 56 3 67 
763 0.366667 11 19 30 

60 43 87 55 5 41 26 82 63 30 40 13 6 81 25 23 66 86 45 36 
764 0.363636 8 14 22 

2 94 37 5 49 99 41 47 90 50 31 8 17 98 13 34 66 61 71 51 
765 0.363636 16 28 44 

75 14 28 34 89 84 41 13 95 91 24 27 88 52 2 58 79 25 85 8 
766 0.363636 8 14 22 

5 28 29 24 81 18 76 56 95 32 15 66 35 82 33 88 52 75 4 64 
767 0.363636 16 28 44 

55 33 84 61 37 67 47 3 88 59 9 65 22 0 89 25 16 15 46 49 
768 0.363636 16 28 44 

45 39 43 28 33 72 54 61 8 5 10 65 22 53 37 94 11 25 7 75 
769 0.363636 16 28 44 

89 94 57 72 20 62 30 67 75 52 0 99 19 61 11 15 40 97 60 34 
770 0.363636 16 28 44 

51 94 81 28 60 18 0 45 39 75 12 88 62 19 77 92 99 67 72 86 
771 0.363636 16 28 44 

9 34 15 43 32 8 17 79 89 37 90 47 65 85 28 13 12 82 78 75 
772 0.361111 13 23 36 

56 19 8 94 22 66 31 45 1 59 67 43 91 90 24 84 15 77 54 0 
773 0.361111 13 23 36 

75 46 91 67 35 88 31 85 69 74 82 51 65 71 30 84 16 29 47 45 
774 0.361111 13 23 36 

15 42 40 41 17 11 29 52 86 66 93 0 57 48 27 65 56 79 28 19 
775 0.36 18 32 50 

65 17 40 25 20 64 52 34 12 70 30 47 83 56 44 43 31 48 29 80 
776 0.36 18 32 50 

73 52 41 67 3 23 10 50 20 22 71 75 12 8 43 17 49 39 19 28 
777 0.357143 15 27 42 

83 66 59 95 7 39 6 89 93 61 81 30 76 15 13 10 79 40 98 11 
778 0.357143 10 18 28 

4 7 3 9 60 66 63 72 16 36 68 33 85 6 84 1 74 64 17 46 
779 0.357143 15 27 42 

27 88 12 42 77 79 2 84 30 73 16 91 71 22 55 43 95 52 62 34 
780 0.357143 15 27 42 

13 48 68 77 61 33 31 97 82 4 78 7 54 14 25 56 2 72 85 52 
781 0.357143 15 27 42 

94 65 31 21 36 70 84 37 19 63 52 47 40 96 46 75 34 18 32 14 
782 0.354167 17 31 48 

39 22 9 46 49 93 36 67 12 62 70 25 63 23 71 50 40 48 94 54 
783 0.354167 17 31 48 

34 29 22 91 45 68 3 17 27 64 49 78 70 48 4 86 32 65 25 76 
784 0.352941 24 44 68 

74 61 35 53 55 83 16 9 14 11 5 89 42 56 87 17 48 15 0 34 
785 0.352941 12 22 34 

6 13 50 98 35 25 61 83 12 51 54 40 85 56 84 23 76 63 74 79 
786 0.35 14 26 40 

72 50 44 99 94 59 12 35 39 36 62 22 67 64 78 89 65 13 68 9 
787 0.35 14 26 40 

73 75 16 48 25 85 29 51 77 2 27 64 41 31 34 38 11 5 20 47 
788 0.35 14 26 40 

22 77 60 68 69 3 19 28 92 59 75 90 44 18 97 51 15 76 40 72 
789 0.35 14 26 40 

74 61 65 17 32 16 82 94 43 93 66 52 63 54 80 39 45 58 81 8 
790 0.35 14 26 40 

1 20 80 69 22 55 41 40 5 81 61 8 26 32 66 14 92 9 62 15 
791 0.346154 9 17 26 

92 5 59 26 84 61 38 81 29 67 50 44 91 39 97 75 88 63 60 32 
792 0.346154 18 34 52 

41 76 97 28 24 5 68 30 78 34 99 43 4 64 15 59 3 33 42 40 
793 0.346154 9 17 26 

24 75 6 65 92 42 99 7 78 81 56 5 19 66 53 86 73 91 16 57 
794 0.346154 9 17 26 

74 63 85 28 20 49 97 93 99 18 48 8 82 36 54 13 9 56 58 52 
795 0.346154 18 34 52 

65 84 38 99 49 60 68 73 25 70 96 40 92 78 46 13 43 19 81 55 
796 0.346154 18 34 52 

74 81 23 83 40 54 28 62 72 10 59 79 2 29 25 53 78 68 57 88 
797 0.344828 20 38 58 

76 7 66 0 19 82 47 84 57 73 3 62 2 53 89 71 67 27 28 18 
798 0.342105 13 25 38 

9 7 94 67 64 80 81 32 38 2 8 84 1 54 68 78 93 21 61 14 
799 0.342105 13 25 38 

49 75 12 5 93 19 0 57 25 85 68 60 69 90 16 54 48 51 83 20 
800 0.340909 15 29 44 

37 28 24 32 50 0 12 87 92 82 34 94 14 74 60 5 88 10 76 45 
801 0.333333 10 20 30 

95 93 37 57 31 17 11 96 50 67 36 41 52 53 24 14 25 81 78 55 
802 0.333333 12 24 36 

65 0 21 67 15 96 4 45 40 68 23 54 32 8 64 33 35 84 39 48 
803 0.333333 12 24 36 

76 39 41 91 93 6 9 92 69 19 23 89 83 30 95 37 35 43 56 96 
804 0.333333 12 24 36 

65 25 79 60 2 85 59 19 99 69 29 52 89 38 81 28 7 56 31 75 
805 0.333333 12 24 36 

63 9 16 4 28 48 77 59 17 10 0 31 33 53 54 51 92 91 25 81 
806 0.333333 12 24 36 

5 53 90 76 74 75 13 58 81 70 85 11 38 84 94 27 88 67 41 52 
807 0.333333 18 36 54 

20 40 67 2 71 3 22 93 92 16 47 49 6 18 61 15 89 34 24 52 
808 0.333333 10 20 30 

37 48 50 67 80 95 11 1 14 56 20 83 23 64 15 76 79 84 27 19 
809 0.333333 12 24 36 

51 82 6 84 74 54 29 65 66 43 85 10 36 33 40 46 15 27 91 12 
810 0.333333 8 16 24 

7 31 54 14 84 51 90 67 5 57 88 50 41 78 9 69 71 36 3 30 
811 0.333333 14 28 42 

29 1 32 74 31 5 65 61 39 70 98 36 78 40 42 33 76 8 4 55 
812 0.333333 16 32 48 

93 5 92 78 16 24 60 71 35 61 75 66 33 40 44 83 80 12 82 32 
813 0.333333 14 28 42 

26 35 54 15 32 16 63 39 67 75 71 28 73 86 58 2 53 77 40 31 
814 0.333333 10 20 30 

31 2 11 36 89 30 14 27 12 19 94 16 85 63 9 35 60 65 98 23 
815 0.326923 17 35 52 

76 86 34 5 92 15 93 90 18 27 30 84 32 12 83 74 6 7 39 4 
816 0.325 13 27 40 

6 80 47 93 89 3 72 16 71 40 22 12 27 75 73 60 91 45 43 53 
817 0.325 13 27 40 

49 40 34 83 75 12 82 19 45 57 80 46 25 76 99 8 23 85 28 14 
818 0.323529 11 23 34 

65 21 23 47 71 74 82 55 22 69 24 13 67 56 16 11 63 29 32 37 
819 0.323529 11 23 34 

83 67 40 26 12 24 62 93 76 89 57 70 80 81 78 8 52 54 60 55 
820 0.323529 11 23 34 

57 67 60 48 90 31 84 76 4 53 25 81 99 79 66 38 12 13 47 70 
821 0.323529 11 23 34 

82 1 15 88 8 9 56 97 14 60 62 52 58 33 92 96 90 79 22 77 
822 0.323529 11 23 34 

99 2 34 0 65 8 37 96 28 26 91 60 1 83 86 88 82 32 72 44 
823 0.323529 11 23 34 

39 86 47 71 97 1 20 93 49 66 90 41 15 18 80 9 57 75 51 13 
824 0.323529 11 23 34 

28 34 2 99 51 56 9 15 33 53 66 52 83 77 18 93 16 72 63 61 
825 0.321429 9 19 28 

36 69 64 8 92 26 63 97 32 65 42 20 3 83 41 38 49 45 34 15 
826 0.321429 9 19 28 

20 26 32 2 59 84 97 99 88 43 72 69 45 29 16 41 60 80 22 58 
827 0.32 16 34 50 

65 48 27 53 19 96 32 37 5 71 40 92 91 43 10 60 69 2 62 61 
828 0.318182 14 30 44 

24 31 34 85 1 6 62 61 83 41 8 20 78 42 18 95 49 12 23 38 
829 0.318182 14 30 44 

48 47 77 35 93 74 94 95 27 69 9 89 56 96 19 67 81 22 75 24 
830 0.315789 12 26 38 

82 2 68 54 97 73 31 37 13 38 53 28 62 46 64 93 95 90 85 59 
831 0.315789 12 26 38 

52 78 5 34 41 42 3 72 12 51 11 66 86 25 50 47 10 26 21 69 
832 0.315789 12 26 38 

92 93 22 91 10 15 45 61 66 6 30 67 12 47 60 55 40 31 65 85 
833 0.315789 12 26 38 

39 65 81 43 1 6 26 15 33 75 69 78 11 83 89 96 60 30 66 59 
834 0.315789 12 26 38 

96 24 3 67 62 55 54 22 73 74 44 19 14 71 4 6 23 31 79 29 
835 0.315789 12 26 38 

40 5 72 20 23 9 88 49 89 0 43 93 64 7 47 27 3 34 52 58 
836 0.315789 12 26 38 

89 8 98 11 42 48 15 13 90 66 5 67 41 72 10 50 51 93 38 99 
837 0.315789 12 26 38 

34 75 40 63 44 0 23 14 39 76 92 8 86 31 35 67 30 93 18 61 
838 0.3125 10 22 32 

64 21 10 54 75 74 50 2 0 1 38 65 96 11 35 15 48 76 29 94 
839 0.3125 10 22 32 

94 54 41 89 68 47 80 96 32 63 9 75 58 85 11 0 74 55 81 2 
840 0.309524 13 29 42 

4 3 47 53 23 18 74 51 13 33 55 76 90 50 5 35 61 82 62 85 
841 0.309524 13 29 42 

84 96 67 1 64 83 8 78 43 63 0 41 45 48 20 14 10 40 30 49 
842 0.309524 13 29 42 

18 31 80 54 22 13 37 85 7 23 56 81 47 43 28 65 36 48 89 0 
843 0.309524 13 29 42 

18 22 37 74 90 51 2 25 67 8 9 63 70 97 48 66 62 64 85 43 
844 0.307692 16 36 52 

6 30 78 31 85 41 64 36 95 34 2 81 37 65 16 67 58 48 20 3 
845 0.307692 8 18 26 

11 43 82 13 38 91 74 48 63 32 29 44 47 3 81 33 51 93 55 72 
846 0.305556 11 25 36 

73 34 69 50 55 96 48 40 35 37 91 33 63 53 44 81 21 72 85 65 
847 0.305556 11 25 36 

27 93 91 13 25 28 2 5 79 19 47 86 12 74 69 35 45 38 37 9 
848 0.305556 11 25 36 

16 94 92 10 81 7 39 13 37 56 17 75 89 35 50 84 95 96 70 68 
849 0.305556 11 25 36 

25 93 49 22 59 53 57 32 8 43 30 40 60 44 69 90 19 3 14 51 
850 0.305556 11 25 36 

24 81 33 58 15 62 5 51 88 27 93 54 86 13 22 71 19 55 95 97 
851 0.304348 14 32 46 

16 2 3 93 56 82 46 7 77 63 80 84 54 15 61 60 43 74 39 23 
852 0.303571 17 39 56 

21 86 81 91 48 32 68 64 43 66 40 8 80 25 94 16 28 79 74 70 
853 0.303571 17 39 56 

31 89 96 75 42 73 7 3 77 29 78 1 39 82 88 48 9 19 20 46 
854 0.3 12 28 40 

24 38 14 20 29 85 18 27 80 23 63 51 35 16 26 97 39 36 84 70 
855 0.3 12 28 40 

36 51 84 60 99 0 71 78 38 2 34 56 62 29 47 88 83 87 92 82 
856 0.3 12 28 40 

17 7 81 60 61 28 83 84 79 89 63 41 56 16 73 64 26 72 49 34 
857 0.3 9 21 30 

39 28 5 49 88 25 54 31 4 61 15 41 96 63 33 2 17 81 46 99 
858 0.3 9 21 30 

27 96 53 29 36 56 59 86 52 22 13 43 67 5 37 77 4 44 28 72 
859 0.296296 16 38 54 

70 15 29 61 53 39 10 82 64 25 37 20 40 13 7 17 34 95 68 89 
860 0.295455 13 31 44 

14 56 1 73 86 48 34 41 16 49 74 43 4 3 62 77 93 61 68 42 
861 0.295455 13 31 44 

0 19 10 53 29 34 80 21 42 52 89 43 96 99 97 66 73 91 47 74 
862 0.294118 10 24 34 

49 83 95 27 4 7 22 84 25 15 89 26 75 91 19 46 5 88 12 85 
863 0.294118 10 24 34 

85 91 74 45 14 60 7 32 35 77 5 44 31 82 40 96 11 93 92 9 
864 0.294118 10 24 34 

88 81 55 2 77 58 71 11 66 18 35 96 39 64 92 9 89 28 26 43 
865 0.291667 7 17 24 

23 95 25 52 20 27 11 42 66 54 1 16 9 6 17 22 53 21 8 44 
866 0.289474 11 27 38 

86 9 11 39 97 31 64 7 93 59 57 79 48 12 69 88 91 21 32 68 
867 0.289474 11 27 38 

63 8 90 39 53 51 27 65 16 35 19 10 22 73 86 94 1 79 59 72 
868 0.288462 15 37 52 

18 35 56 23 85 82 69 55 1 59 15 32 22 77 44 99 49 84 7 16 
869 0.288462 15 37 52 

20 72 77 3 11 41 83 95 21 62 4 90 13 26 22 43 70 64 53 38 
870 0.288462 15 37 52 

63 56 33 36 54 62 55 60 12 39 51 29 37 16 19 65 28 79 43 23 
871 0.285714 8 20 28 

46 59 52 82 32 44 39 61 13 90 29 88 60 89 91 56 83 74 62 19 
872 0.285714 12 30 42 

22 86 95 63 97 39 68 0 49 90 83 36 59 14 5 18 56 91 51 77 
873 0.285714 8 20 28 

47 36 83 7 55 99 89 46 76 43 32 18 95 25 50 28 33 92 16 63 
874 0.285714 12 30 42 

3 96 37 45 80 46 9 43 36 12 16 64 27 83 67 99 52 13 40 93 
875 0.282609 13 33 46 

5 35 12 46 9 71 31 92 22 26 23 4 28 75 85 33 27 77 14 97 
876 0.282609 13 33 46 

50 3 64 88 80 5 68 31 15 2 10 41 25 75 56 6 72 35 78 89 
877 0.28125 9 23 32 

9 62 69 7 28 17 81 86 59 29 51 16 4 84 79 13 40 80 12 49 
878 0.28125 9 23 32 

42 89 22 23 24 81 62 79 8 1 93 71 20 92 29 12 26 59 13 32 
879 0.277778 15 39 54 

68 83 65 96 33 30 53 13 4 85 23 9 95 75 73 74 6 81 50 37 
880 0.277778 10 26 36 

63 6 36 54 84 29 94 47 56 64 55 90 73 72 80 3 8 85 41 34 
881 0.277778 10 26 36 

2 76 86 50 39 16 62 65 17 30 7 4 45 3 23 22 52 35 55 92 
882 0.275 11 29 40 

86 41 65 17 39 53 68 95 61 33 91 16 60 36 47 99 14 5 24 22 
883 0.275 11 29 40 

0 36 82 69 45 22 73 52 63 92 48 94 66 47 6 9 12 83 57 99 
884 0.272727 12 32 44 

20 86 58 61 64 85 13 76 36 71 1 83 70 43 25 53 62 97 16 39 
885 0.272727 12 32 44 

1 30 45 9 37 39 93 43 11 83 62 97 32 65 25 5 48 86 12 67 
886 0.272727 6 16 22 

36 13 45 23 65 21 82 63 77 15 76 30 41 10 78 34 67 43 19 17 
887 0.270833 13 35 48 

12 80 18 3 2 56 31 49 44 67 75 84 11 7 71 82 96 10 45 74 
888 0.269231 7 19 26 

64 9 26 38 40 11 47 89 16 61 39 7 82 54 79 59 92 0 55 4 
889 0.266667 8 22 30 

67 74 31 64 95 3 34 4 50 78 18 22 39 57 81 9 26 5 89 1 
890 0.266667 8 22 30 

93 83 63 97 20 75 25 99 12 95 70 61 21 47 31 55 44 34 2 57 
891 0.264706 9 25 34 

69 24 79 83 60 68 42 49 59 56 90 0 3 78 63 52 32 18 7 86 
892 0.264706 9 25 34 

64 4 74 66 36 38 57 82 81 24 88 40 19 27 65 84 63 53 3 75 
893 0.264706 9 25 34 

7 14 17 72 63 16 10 26 15 69 84 32 61 55 99 44 76 23 66 71 
894 0.264706 9 25 34 

19 27 37 99 24 84 47 21 12 97 91 14 68 90 44 41 17 3 43 73 
895 0.263158 10 28 38 

97 50 11 14 39 33 24 60 6 4 36 12 48 54 94 45 64 76 51 99 
896 0.263158 10 28 38 

55 56 1 17 78 46 40 31 69 88 90 41 94 0 2 77 12 6 9 82 
897 0.263158 10 28 38 

16 91 85 96 21 66 42 60 88 39 52 78 81 3 15 7 43 32 9 89 
898 0.263158 10 28 38 

13 83 90 28 10 88 82 65 20 38 53 7 3 86 54 19 96 9 32 95 
899 0.263158 10 28 38 

25 57 49 85 10 33 62 83 77 95 5 96 52 40 12 53 92 93 51 55 
900 0.261905 11 31 42 

0 63 75 73 40 89 33 36 22 81 6 76 60 4 83 44 54 95 64 15 
901 0.261905 11 31 42 

7 80 96 34 95 31 74 88 67 63 9 28 35 32 70 99 97 60 42 38 
902 0.261905 11 31 42 

2 18 89 0 91 12 5 74 35 55 14 95 24 82 86 49 40 66 88 32 
903 0.261364 11 32 44 

96 10 16 27 95 48 13 17 26 12 94 3 83 14 52 51 90 33 85 47 
904 0.26087 12 34 46 

5 22 70 31 39 53 55 19 34 1 21 78 11 71 65 49 10 92 69 89 
905 0.26 13 37 50 

64 59 83 40 18 93 55 63 68 76 13 7 36 22 11 31 8 71 84 38 
906 0.26 13 37 50 

47 54 53 65 56 97 23 0 35 59 44 22 49 48 16 76 72 12 88 83 
907 0.26 13 37 50 

19 33 16 88 14 53 43 35 83 13 25 23 36 42 72 31 52 70 66 96 
908 0.259259 14 40 54 

56 8 72 81 7 75 84 21 96 99 82 33 65 27 90 45 51 37 79 26 
909 0.25 11 33 44 

88 66 77 27 90 74 94 51 10 84 82 26 67 37 3 14 75 22 2 35 
910 0.25 10 30 40 

63 51 72 64 81 1 26 35 11 8 54 76 99 55 59 41 20 43 96 97 
911 0.25 9 27 36 

7 85 88 12 64 27 30 19 81 72 23 0 21 3 70 52 75 16 86 35 
912 0.25 12 37 50 

31 48 39 33 29 8 23 17 65 25 44 45 89 56 66 72 63 1 47 24 
913 0.25 12 36 48 

15 55 59 10 12 20 94 30 72 71 69 25 50 0 51 53 93 48 95 90 
914 0.25 7 21 28 

21 74 0 75 15 60 77 68 30 71 81 7 16 4 52 41 9 45 34 70 
915 0.25 8 24 32 

66 38 12 92 19 34 80 63 39 29 64 16 36 22 14 77 71 96 50 67 
916 0.25 10 30 40 

93 7 4 46 85 28 5 77 71 61 34 12 86 31 66 1 45 43 48 37 
917 0.25 8 24 32 

68 40 51 82 5 48 32 62 28 58 19 88 71 45 34 99 20 65 91 94 
918 0.25 11 33 44 

33 3 92 78 49 94 44 50 4 40 57 19 76 70 95 84 99 81 17 68 
919 0.241379 14 44 58 

44 73 4 99 16 3 61 29 43 62 63 22 7 6 74 46 24 68 14 64 
920 0.240741 13 41 54 

6 89 47 7 82 84 62 16 95 21 11 39 24 3 53 72 59 36 63 90 
921 0.240741 13 41 54 

97 49 6 83 38 77 26 43 85 82 76 22 86 2 92 60 50 88 29 70 
922 0.23913 11 35 46 

65 12 4 16 86 43 72 53 75 23 19 29 33 3 56 7 64 15 30 32 
923 0.235294 8 26 34 

65 91 5 92 2 4 8 26 16 27 7 10 85 78 68 57 44 22 53 0 
924 0.235294 8 26 34 

91 70 88 48 52 59 53 86 28 41 2 30 36 27 49 94 92 56 83 51 
925 0.235294 8 26 34 

57 13 66 86 12 81 31 44 83 62 56 82 34 67 84 94 52 6 27 23 
926 0.233333 7 23 30 

40 79 7 34 66 26 23 16 41 96 37 33 8 97 44 9 80 83 67 22 
927 0.232143 13 43 56 

26 9 80 12 45 60 55 39 10 5 43 18 48 63 52 16 53 92 14 1 
928 0.230769 12 40 52 

23 96 59 56 97 85 31 29 45 22 4 34 11 67 86 47 95 83 75 98 
929 0.229167 11 37 48 

83 71 17 48 86 21 50 69 61 84 41 8 96 45 32 30 44 88 26 74 
930 0.225 9 31 40 

63 74 54 88 62 85 78 99 13 70 92 86 43 53 47 14 59 57 75 83 
931 0.225 9 31 40 

53 90 12 43 36 78 49 60 86 51 29 41 20 82 56 15 99 25 19 42 
932 0.222222 8 28 36 

2 77 92 7 20 81 39 50 69 75 9 44 70 26 40 31 36 99 1 86 
933 0.222222 8 28 36 

92 14 24 54 29 0 28 27 51 74 3 12 69 32 86 83 75 47 52 73 
934 0.222222 8 28 36 

25 28 45 7 69 57 43 71 88 56 16 27 34 70 2 60 61 47 29 85 
935 0.22 11 39 50 

74 90 79 50 11 63 0 13 18 41 9 95 56 1 59 94 92 70 6 97 
936 0.22 11 39 50 

93 62 30 35 80 89 31 97 69 37 92 7 85 19 40 94 43 27 68 78 
937 0.21875 7 25 32 

26 20 99 97 74 96 53 18 13 52 79 23 78 61 36 92 19 43 86 41 
938 0.21875 7 25 32 

22 13 82 95 16 89 64 99 1 56 15 88 63 85 67 48 84 28 52 58 
939 0.217391 10 36 46 

8 2 61 74 26 64 57 16 7 99 79 5 73 33 28 27 52 47 40 76 
940 0.214286 9 33 42 

84 51 36 61 26 20 76 81 32 33 40 29 99 63 45 77 41 60 49 69 
941 0.214286 9 33 42 

99 14 7 73 30 32 51 28 3 8 31 68 84 93 97 55 0 5 46 19 
942 0.210526 8 30 38 

45 67 3 33 18 8 15 11 88 25 32 56 26 10 53 55 71 9 30 73 
943 0.210526 8 30 38 

11 60 68 70 28 59 75 24 84 39 55 9 16 6 91 15 5 76 73 82 
944 0.210526 8 30 38 

56 30 38 27 89 48 40 36 32 31 72 28 75 99 16 97 80 81 9 92 
945 0.210526 8 30 38 

59 43 3 39 55 65 29 89 48 13 42 45 94 99 83 97 78 73 84 33 
946 0.210526 8 30 38 

66 90 19 1 12 28 39 99 10 52 47 36 79 14 6 65 9 48 15 0 
947 0.210526 8 30 38 

6 3 56 54 62 9 93 41 82 78 68 40 63 0 95 67 42 71 15 51 
948 0.208333 10 38 48 

29 3 44 89 7 46 53 95 88 60 76 15 90 63 22 2 69 12 34 56 
949 0.208333 5 19 24 

89 21 84 11 26 79 43 67 29 44 40 37 95 1 2 36 68 52 93 47 
950 0.204545 9 35 44 

48 14 68 34 66 52 17 33 95 29 93 54 94 88 3 7 99 59 45 61 
951 0.203704 11 43 54 

65 13 78 9 27 76 6 2 25 5 50 68 81 94 36 17 41 77 84 35 
952 0.2 6 24 30 

76 84 19 12 40 66 30 34 17 5 94 32 59 43 86 64 8 21 0 92 
953 0.2 10 40 50 

36 99 57 52 32 85 79 5 67 23 16 42 13 31 40 56 44 35 66 78 
954 0.2 8 32 40 

7 10 65 61 73 41 59 81 39 64 9 34 1 45 82 43 56 76 95 57 
955 0.2 4 16 20 

78 11 50 59 95 6 54 15 61 13 90 89 84 7 9 3 72 52 2 77 
956 0.2 6 24 30 

15 16 1 2 23 92 83 44 37 45 13 66 82 71 7 3 22 63 30 72 
957 0.2 6 24 30 

47 3 31 0 51 38 43 62 64 73 29 7 99 70 26 81 6 23 35 50 
958 0.2 10 40 50 

62 99 38 95 81 79 85 33 96 7 82 13 19 29 47 27 8 9 76 55 
959 0.195652 9 37 46 

55 23 8 18 47 6 60 93 22 35 49 83 2 95 50 73 53 75 68 72 
960 0.195652 9 37 46 

47 4 86 35 83 77 89 6 43 61 85 10 95 97 94 28 84 80 99 48 
961 0.194444 7 29 36 

7 74 41 77 36 56 34 78 69 54 28 26 68 2 4 48 23 39 51 1 
962 0.194444 7 29 36 

28 3 33 76 43 86 68 57 32 13 12 31 39 0 25 47 64 29 21 9 
963 0.192308 5 21 26 

59 54 84 56 73 96 32 74 99 5 47 48 68 18 93 45 4 39 30 88 
964 0.192308 5 21 26 

53 27 67 82 99 76 79 47 28 93 3 56 33 60 6 65 13 84 70 23 
965 0.192308 5 21 26 

5 62 63 55 29 89 83 9 51 26 23 92 33 97 4 85 61 21 43 42 
966 0.190476 8 34 42 

21 15 83 68 0 34 14 31 47 23 45 9 16 8 37 25 44 12 61 80 
967 0.190476 8 34 42 

54 1 29 64 7 74 2 96 56 11 66 49 23 90 12 35 26 41 59 5 
968 0.184211 7 31 38 

62 1 16 6 15 17 56 22 38 33 94 63 48 95 77 27 9 89 14 8 
969 0.184211 7 31 38 

79 22 24 72 28 45 63 16 78 57 44 4 89 99 40 21 74 50 88 90 
970 0.181818 8 36 44 

83 95 72 93 62 99 32 18 81 63 50 41 56 90 55 78 51 4 70 86 
971 0.166667 9 45 54 

92 66 96 29 94 60 93 45 13 40 84 47 17 8 23 44 78 35 86 19 
972 0.166667 4 20 24 

84 55 36 21 89 96 85 45 56 52 24 16 22 49 60 28 37 82 97 6 
973 0.166667 6 30 36 

8 79 62 21 95 75 78 34 82 44 59 33 68 35 81 43 53 92 40 7 
974 0.16 8 42 50 

90 99 54 18 75 0 94 82 65 89 26 11 6 2 9 23 22 88 62 8 
975 0.159091 7 37 44 

90 15 63 23 70 62 89 92 16 22 30 39 56 67 29 99 13 74 76 7 
976 0.157895 6 32 38 

62 69 11 79 28 68 94 19 93 34 77 85 74 1 25 13 23 82 44 12 
977 0.152174 7 39 46 

7 75 45 34 57 82 74 16 81 64 60 73 6 99 26 4 96 32 88 14 
978 0.142857 4 24 28 

66 63 68 55 88 82 8 53 97 71 62 94 56 52 57 5 30 28 96 93 
979 0.14 7 43 50 

97 62 40 67 89 1 26 63 36 84 53 88 23 11 39 34 61 18 3 82 
980 0.138889 5 31 36 

36 55 71 41 65 74 27 37 1 8 89 53 93 26 56 80 94 78 61 0 
981 0.125 5 35 40 

61 54 82 45 44 7 9 29 95 89 90 39 65 76 73 33 84 81 47 11 
982 0.125 4 28 32 

75 0 67 4 62 10 11 33 13 56 96 12 81 9 84 1 5 93 35 51 
983 0.119048 5 37 42 

92 41 84 83 75 97 6 37 51 0 23 36 78 57 34 40 43 53 19 60 
984 0.117647 4 30 34 

21 88 7 41 85 13 24 32 68 31 82 76 79 29 43 96 95 44 37 75 
985 0.117647 4 30 34 

21 53 0 19 63 13 6 78 99 36 56 73 64 44 4 40 14 10 61 84 
986 0.116667 7 53 60 

65 53 40 70 16 3 38 34 41 7 43 57 19 89 86 75 22 20 74 12 
987 0.115385 3 23 26 

0 70 19 25 41 89 53 13 72 66 31 64 73 93 6 11 34 9 86 56 
988 0.114286 8 62 70 

45 79 11 80 19 70 26 97 7 44 39 36 25 13 66 60 99 0 32 61 
989 0.105263 4 34 38 

30 72 84 71 53 88 28 40 43 39 68 96 22 56 13 54 42 36 62 1 
990 0.105263 4 34 38 

29 11 43 20 52 5 82 2 39 22 9 32 25 78 96 3 66 93 15 4 
991 0.105263 4 34 38 

0 96 82 35 27 34 6 3 22 43 45 92 75 2 8 97 72 49 60 81 
992 0.0909091 2 20 22 

88 99 89 1 41 64 60 21 76 4 31 39 86 2 11 94 53 85 40 63 
993 0.075 3 37 40 

51 32 55 72 35 39 26 2 3 23 66 21 19 24 34 22 17 43 96 45 
994 0.0740741 4 50 54 

90 45 86 17 93 13 78 62 48 33 36 38 27 60 30 28 12 69 66 99 
995 0.0714286 2 26 28 

96 40 99 25 56 8 34 5 15 50 94 7 68 2 12 85 59 60 93 53 
996 0.0625 3 45 48 

24 85 65 43 7 5 90 31 53 89 27 4 3 74 96 93 25 78 9 23 
997 0.0454545 2 42 44 

34 65 57 63 61 5 6 45 85 12 81 75 40 99 97 64 53 71 95 94 
998 0.0333333 1 29 30 

55 16 14 32 19 25 11 79 51 29 2 75 48 94 34 39 82 44 68 63 
999 0.03125 1 31 32 

0 40 3 43 37 5 75 30 13 97 39 71 44 31 72 51 92 14 49 86 
1000 0.0277778 1 35 36 

