10
20
10 11 14 18 21 37 38 42 46 48 54 57 58 71 72 77 80 87 91 98 
1 0.61619 647 403 1050 

8 17 18 24 30 36 38 45 46 52 54 57 58 64 73 77 80 87 91 98 
2 0.57056 469 353 822 

2 5 17 18 21 24 27 37 38 45 46 54 57 58 75 77 80 87 91 98 
3 0.557333 418 332 750 

17 18 24 29 38 46 48 50 54 58 64 76 77 79 80 84 87 91 92 98 
4 0.516539 406 380 786 

6 11 17 18 24 26 36 38 46 54 58 68 72 80 84 86 87 91 98 99 
5 0.515267 405 381 786 

0 3 18 32 33 35 42 46 49 54 57 58 65 66 67 82 85 87 91 98 
6 0.514035 586 554 1140 

10 17 18 23 46 54 57 58 61 62 68 72 76 80 86 87 91 93 98 99 
7 0.507273 558 542 1100 

9 18 29 33 37 38 46 49 52 54 57 58 64 68 72 75 87 90 91 98 
8 0.50519 584 572 1156 

11 14 17 18 28 30 42 46 52 54 58 69 71 73 80 81 87 89 91 98 
9 0.486559 181 191 372 

17 18 20 21 24 37 39 40 45 46 54 56 58 60 72 83 87 88 91 98 
10 0.486239 318 336 654 

