30
20
466 620 785 956 681 421 224 964 331 296 178 305 558 210 205 602 819 480 794 838 
1 1 6 0 6 

578 481 247 477 829 539 184 919 345 439 332 412 246 384 137 257 811 314 956 614 
2 1 2 0 2 

575 533 477 489 978 438 878 228 999 441 241 806 536 340 405 640 358 225 700 251 
3 1 2 0 2 

388 331 389 517 51 617 317 572 539 788 366 457 974 447 355 706 460 94 703 435 
4 1 2 0 2 

180 350 697 87 982 692 475 146 519 807 218 158 207 389 547 640 795 106 8 908 
5 1 2 0 2 

914 836 862 457 752 841 68 318 397 887 355 285 505 494 548 38 309 926 188 515 
6 1 2 0 2 

283 305 174 778 921 241 710 452 266 413 248 584 46 125 181 758 877 365 553 981 
7 1 2 0 2 

135 588 880 922 838 845 864 418 344 399 854 35 408 471 784 839 923 44 525 411 
8 1 2 0 2 

58 481 938 437 638 876 857 336 200 703 166 390 943 661 993 427 963 148 403 19 
9 1 2 0 2 

826 191 406 471 997 975 775 824 320 761 508 301 143 17 379 525 635 397 61 822 
10 1 2 0 2 

114 792 303 833 905 917 215 786 51 778 779 884 877 645 399 803 569 782 858 525 
11 1 2 0 2 

194 480 62 634 803 971 108 881 838 38 280 675 378 129 271 127 535 473 478 557 
12 1 2 0 2 

266 118 92 22 242 560 644 551 582 154 749 5 541 235 299 719 938 270 596 403 
13 1 2 0 2 

40 481 972 681 32 738 550 491 736 784 292 87 677 765 659 646 326 724 996 927 
14 1 2 0 2 

721 897 923 22 606 363 389 663 964 311 440 454 900 758 276 551 912 32 631 357 
15 1 2 0 2 

658 669 240 437 150 379 397 502 243 122 793 537 71 172 688 458 148 10 45 368 
16 1 2 0 2 

871 955 540 501 414 616 58 685 508 28 298 799 237 839 768 963 826 803 568 769 
17 1 2 0 2 

85 356 609 775 428 755 233 791 371 763 980 477 733 872 534 38 168 383 595 74 
18 1 2 0 2 

134 151 46 860 586 596 437 4 192 953 672 159 496 616 951 649 634 386 32 635 
19 1 2 0 2 

218 550 555 87 609 246 119 481 50 117 790 128 978 811 442 2 283 23 521 454 
20 1 2 0 2 

182 414 294 994 42 287 490 788 802 196 620 427 222 25 283 926 864 420 552 419 
21 1 4 0 4 

890 181 208 439 508 207 438 220 236 809 50 198 132 520 505 575 443 844 494 601 
22 1 2 0 2 

42 879 854 282 52 542 62 477 705 257 962 544 476 783 625 946 130 329 862 588 
23 1 2 0 2 

51 605 184 520 449 208 871 67 551 228 425 214 963 401 145 900 928 433 131 536 
24 1 2 0 2 

63 937 483 115 514 191 364 621 790 284 69 845 266 874 132 605 728 653 91 2 
25 1 2 0 2 

578 79 652 808 358 680 878 900 443 935 589 874 536 849 910 393 7 543 477 940 
26 1 2 0 2 

788 205 28 976 545 697 387 10 59 258 767 299 67 249 130 680 14 141 491 693 
27 1 2 0 2 

856 751 831 919 311 278 241 248 315 803 117 971 940 466 891 663 638 625 841 713 
28 1 2 0 2 

207 445 997 943 753 594 663 231 658 132 345 848 8 659 421 224 254 605 771 616 
29 1 2 0 2 

332 593 418 491 254 684 860 18 587 957 506 40 895 49 197 795 969 904 302 746 
30 1 2 0 2 

